     -25.0000  4.87213e-15
     -24.9900  5.57220e-15
     -24.9800  6.37013e-15
     -24.9700  7.27924e-15
     -24.9600  8.31451e-15
     -24.9500  9.49274e-15
     -24.9400  1.08336e-14
     -24.9300  1.23585e-14
     -24.9200  1.40921e-14
     -24.9100  1.60620e-14
     -24.9000  1.82995e-14
     -24.8900  2.08398e-14
     -24.8800  2.37226e-14
     -24.8700  2.69919e-14
     -24.8600  3.06994e-14
     -24.8500  3.49014e-14
     -24.8400  3.96615e-14
     -24.8300  4.50517e-14
     -24.8200  5.11524e-14
     -24.8100  5.80545e-14
     -24.8000  6.58599e-14
     -24.7900  7.46810e-14
     -24.7800  8.46495e-14
     -24.7700  9.59076e-14
     -24.7600  1.08617e-13
     -24.7500  1.22957e-13
     -24.7400  1.39132e-13
     -24.7300  1.57367e-13
     -24.7200  1.77916e-13
     -24.7100  2.01063e-13
     -24.7000  2.27119e-13
     -24.6900  2.56448e-13
     -24.6800  2.89440e-13
     -24.6700  3.26538e-13
     -24.6600  3.68233e-13
     -24.6500  4.15075e-13
     -24.6400  4.67676e-13
     -24.6300  5.26719e-13
     -24.6200  5.92947e-13
     -24.6100  6.67235e-13
     -24.6000  7.50508e-13
     -24.5900  8.43814e-13
     -24.5800  9.48316e-13
     -24.5700  1.06530e-12
     -24.5600  1.19622e-12
     -24.5500  1.34264e-12
     -24.5400  1.50631e-12
     -24.5300  1.68925e-12
     -24.5200  1.89360e-12
     -24.5100  2.12176e-12
     -24.5000  2.37639e-12
     -24.4900  2.66046e-12
     -24.4800  2.97721e-12
     -24.4700  3.33024e-12
     -24.4600  3.72355e-12
     -24.4500  4.16144e-12
     -24.4400  4.64894e-12
     -24.4300  5.19134e-12
     -24.4200  5.79455e-12
     -24.4100  6.46507e-12
     -24.4000  7.21012e-12
     -24.3900  8.03760e-12
     -24.3800  8.95621e-12
     -24.3700  9.97536e-12
     -24.3600  1.11060e-11
     -24.3500  1.23594e-11
     -24.3400  1.37485e-11
     -24.3300  1.52871e-11
     -24.3200  1.69907e-11
     -24.3100  1.88761e-11
     -24.3000  2.09617e-11
     -24.2900  2.32674e-11
     -24.2800  2.58162e-11
     -24.2700  2.86320e-11
     -24.2600  3.17413e-11
     -24.2500  3.51732e-11
     -24.2400  3.89597e-11
     -24.2300  4.31353e-11
     -24.2200  4.77380e-11
     -24.2100  5.28093e-11
     -24.2000  5.83934e-11
     -24.1900  6.45415e-11
     -24.1800  7.13066e-11
     -24.1700  7.87471e-11
     -24.1600  8.69268e-11
     -24.1500  9.59154e-11
     -24.1400  1.05788e-10
     -24.1300  1.16627e-10
     -24.1200  1.28520e-10
     -24.1100  1.41567e-10
     -24.1000  1.55872e-10
     -24.0900  1.71550e-10
     -24.0800  1.88724e-10
     -24.0700  2.07529e-10
     -24.0600  2.28110e-10
     -24.0500  2.50625e-10
     -24.0400  2.75239e-10
     -24.0300  3.02148e-10
     -24.0200  3.31546e-10
     -24.0100  3.63649e-10
     -24.0000  3.98690e-10
     -23.9900  4.36922e-10
     -23.9800  4.78615e-10
     -23.9700  5.24063e-10
     -23.9600  5.73580e-10
     -23.9500  6.27499e-10
     -23.9400  6.86205e-10
     -23.9300  7.50082e-10
     -23.9200  8.19557e-10
     -23.9100  8.95084e-10
     -23.9000  9.77153e-10
     -23.8900  1.06629e-09
     -23.8800  1.16307e-09
     -23.8700  1.26806e-09
     -23.8600  1.38197e-09
     -23.8500  1.50546e-09
     -23.8400  1.63930e-09
     -23.8300  1.78426e-09
     -23.8200  1.94122e-09
     -23.8100  2.11108e-09
     -23.8000  2.29483e-09
     -23.7900  2.49346e-09
     -23.7800  2.70818e-09
     -23.7700  2.94013e-09
     -23.7600  3.19058e-09
     -23.7500  3.46090e-09
     -23.7400  3.75251e-09
     -23.7300  4.06695e-09
     -23.7200  4.40586e-09
     -23.7100  4.77098e-09
     -23.7000  5.16407e-09
     -23.6900  5.58725e-09
     -23.6800  6.04253e-09
     -23.6700  6.53212e-09
     -23.6600  7.05836e-09
     -23.6500  7.62375e-09
     -23.6400  8.23090e-09
     -23.6300  8.88262e-09
     -23.6200  9.58172e-09
     -23.6100  1.03316e-08
     -23.6000  1.11354e-08
     -23.5900  1.19966e-08
     -23.5800  1.29189e-08
     -23.5700  1.39061e-08
     -23.5600  1.49625e-08
     -23.5500  1.60922e-08
     -23.5400  1.72995e-08
     -23.5300  1.85898e-08
     -23.5200  1.99679e-08
     -23.5100  2.14389e-08
     -23.5000  2.30085e-08
     -23.4900  2.46825e-08
     -23.4800  2.64670e-08
     -23.4700  2.83685e-08
     -23.4600  3.03936e-08
     -23.4500  3.25491e-08
     -23.4400  3.48430e-08
     -23.4300  3.72827e-08
     -23.4200  3.98764e-08
     -23.4100  4.26323e-08
     -23.4000  4.55594e-08
     -23.3900  4.86668e-08
     -23.3800  5.19642e-08
     -23.3700  5.54609e-08
     -23.3600  5.91685e-08
     -23.3500  6.30974e-08
     -23.3400  6.72587e-08
     -23.3300  7.16643e-08
     -23.3200  7.63264e-08
     -23.3100  8.12577e-08
     -23.3000  8.64713e-08
     -23.2900  9.19799e-08
     -23.2800  9.77997e-08
     -23.2700  1.03945e-07
     -23.2600  1.10429e-07
     -23.2500  1.17270e-07
     -23.2400  1.24484e-07
     -23.2300  1.32086e-07
     -23.2200  1.40096e-07
     -23.2100  1.48530e-07
     -23.2000  1.57407e-07
     -23.1900  1.66748e-07
     -23.1800  1.76572e-07
     -23.1700  1.86900e-07
     -23.1600  1.97754e-07
     -23.1500  2.09154e-07
     -23.1400  2.21125e-07
     -23.1300  2.33689e-07
     -23.1200  2.46868e-07
     -23.1100  2.60694e-07
     -23.1000  2.75188e-07
     -23.0900  2.90378e-07
     -23.0800  3.06291e-07
     -23.0700  3.22957e-07
     -23.0600  3.40405e-07
     -23.0500  3.58665e-07
     -23.0400  3.77765e-07
     -23.0300  3.97747e-07
     -23.0200  4.18639e-07
     -23.0100  4.40478e-07
     -23.0000  4.63300e-07
     -22.9900  4.87144e-07
     -22.9800  5.12048e-07
     -22.9700  5.38054e-07
     -22.9600  5.65205e-07
     -22.9500  5.93540e-07
     -22.9400  6.23117e-07
     -22.9300  6.53979e-07
     -22.9200  6.86177e-07
     -22.9100  7.19765e-07
     -22.9000  7.54797e-07
     -22.8900  7.91333e-07
     -22.8800  8.29428e-07
     -22.8700  8.69167e-07
     -22.8600  9.10589e-07
     -22.8500  9.53789e-07
     -22.8400  9.98834e-07
     -22.8300  1.04580e-06
     -22.8200  1.09478e-06
     -22.8100  1.14586e-06
     -22.8000  1.19913e-06
     -22.7900  1.25467e-06
     -22.7800  1.31263e-06
     -22.7700  1.37309e-06
     -22.7600  1.43617e-06
     -22.7500  1.50200e-06
     -22.7400  1.57072e-06
     -22.7300  1.64245e-06
     -22.7200  1.71736e-06
     -22.7100  1.79559e-06
     -22.7000  1.87730e-06
     -22.6900  1.96269e-06
     -22.6800  2.05194e-06
     -22.6700  2.14524e-06
     -22.6600  2.24281e-06
     -22.6500  2.34487e-06
     -22.6400  2.45164e-06
     -22.6300  2.56337e-06
     -22.6200  2.68038e-06
     -22.6100  2.80285e-06
     -22.6000  2.93116e-06
     -22.5900  3.06559e-06
     -22.5800  3.20646e-06
     -22.5700  3.35412e-06
     -22.5600  3.50894e-06
     -22.5500  3.67131e-06
     -22.5400  3.84159e-06
     -22.5300  4.02028e-06
     -22.5200  4.20780e-06
     -22.5100  4.40460e-06
     -22.5000  4.61120e-06
     -22.4900  4.82811e-06
     -22.4800  5.05587e-06
     -22.4700  5.29506e-06
     -22.4600  5.54627e-06
     -22.4500  5.81008e-06
     -22.4400  6.08724e-06
     -22.4300  6.37839e-06
     -22.4200  6.68424e-06
     -22.4100  7.00553e-06
     -22.4000  7.34304e-06
     -22.3900  7.69757e-06
     -22.3800  8.06990e-06
     -22.3700  8.46111e-06
     -22.3600  8.87182e-06
     -22.3500  9.30319e-06
     -22.3400  9.75613e-06
     -22.3300  1.02316e-05
     -22.3200  1.07308e-05
     -22.3100  1.12546e-05
     -22.3000  1.18043e-05
     -22.2900  1.23808e-05
     -22.2800  1.29857e-05
     -22.2700  1.36199e-05
     -22.2600  1.42848e-05
     -22.2500  1.49818e-05
     -22.2400  1.57120e-05
     -22.2300  1.64770e-05
     -22.2200  1.72781e-05
     -22.2100  1.81167e-05
     -22.2000  1.89943e-05
     -22.1900  1.99127e-05
     -22.1800  2.08732e-05
     -22.1700  2.18774e-05
     -22.1600  2.29271e-05
     -22.1500  2.40239e-05
     -22.1400  2.51694e-05
     -22.1300  2.63651e-05
     -22.1200  2.76136e-05
     -22.1100  2.89157e-05
     -22.1000  3.02739e-05
     -22.0900  3.16899e-05
     -22.0800  3.31654e-05
     -22.0700  3.47025e-05
     -22.0600  3.63031e-05
     -22.0500  3.79690e-05
     -22.0400  3.97021e-05
     -22.0300  4.15048e-05
     -22.0200  4.33790e-05
     -22.0100  4.53266e-05
     -22.0000  4.73496e-05
     -21.9900  4.94503e-05
     -21.9800  5.16305e-05
     -21.9700  5.38925e-05
     -21.9600  5.62383e-05
     -21.9500  5.86695e-05
     -21.9400  6.11892e-05
     -21.9300  6.37990e-05
     -21.9200  6.65010e-05
     -21.9100  6.92973e-05
     -21.9000  7.21901e-05
     -21.8900  7.51813e-05
     -21.8800  7.82726e-05
     -21.8700  8.14677e-05
     -21.8600  8.47662e-05
     -21.8500  8.81722e-05
     -21.8400  9.16868e-05
     -21.8300  9.53124e-05
     -21.8200  9.90506e-05
     -21.8100  0.000102904
     -21.8000  0.000106873
     -21.7900  0.000110960
     -21.7800  0.000115169
     -21.7700  0.000119499
     -21.7600  0.000123954
     -21.7500  0.000128534
     -21.7400  0.000133242
     -21.7300  0.000138079
     -21.7200  0.000143047
     -21.7100  0.000148147
     -21.7000  0.000153380
     -21.6900  0.000158749
     -21.6800  0.000164255
     -21.6700  0.000169899
     -21.6600  0.000175682
     -21.6500  0.000181606
     -21.6400  0.000187672
     -21.6300  0.000193880
     -21.6200  0.000200234
     -21.6100  0.000206730
     -21.6000  0.000213374
     -21.5900  0.000220165
     -21.5800  0.000227102
     -21.5700  0.000234189
     -21.5600  0.000241424
     -21.5500  0.000248809
     -21.5400  0.000256342
     -21.5300  0.000264027
     -21.5200  0.000271863
     -21.5100  0.000279850
     -21.5000  0.000287988
     -21.4900  0.000296278
     -21.4800  0.000304719
     -21.4700  0.000313311
     -21.4600  0.000322054
     -21.4500  0.000330947
     -21.4400  0.000339992
     -21.4300  0.000349188
     -21.4200  0.000358533
     -21.4100  0.000368028
     -21.4000  0.000377672
     -21.3900  0.000387464
     -21.3800  0.000397402
     -21.3700  0.000407490
     -21.3600  0.000417720
     -21.3500  0.000428097
     -21.3400  0.000438617
     -21.3300  0.000449280
     -21.3200  0.000460084
     -21.3100  0.000471029
     -21.3000  0.000482113
     -21.2900  0.000493331
     -21.2800  0.000504688
     -21.2700  0.000516180
     -21.2600  0.000527804
     -21.2500  0.000539559
     -21.2400  0.000551444
     -21.2300  0.000563457
     -21.2200  0.000575595
     -21.2100  0.000587858
     -21.2000  0.000600240
     -21.1900  0.000612744
     -21.1800  0.000625366
     -21.1700  0.000638104
     -21.1600  0.000650956
     -21.1500  0.000663920
     -21.1400  0.000676992
     -21.1300  0.000690169
     -21.1200  0.000703456
     -21.1100  0.000716840
     -21.1000  0.000730326
     -21.0900  0.000743909
     -21.0800  0.000757588
     -21.0700  0.000771359
     -21.0600  0.000785220
     -21.0500  0.000799168
     -21.0400  0.000813199
     -21.0300  0.000827314
     -21.0200  0.000841508
     -21.0100  0.000855780
     -21.0000  0.000870126
     -20.9900  0.000884544
     -20.9800  0.000899031
     -20.9700  0.000913583
     -20.9600  0.000928200
     -20.9500  0.000942874
     -20.9400  0.000957610
     -20.9300  0.000972401
     -20.9200  0.000987245
     -20.9100   0.00100214
     -20.9000   0.00101708
     -20.8900   0.00103207
     -20.8800   0.00104709
     -20.8700   0.00106216
     -20.8600   0.00107726
     -20.8500   0.00109240
     -20.8400   0.00110757
     -20.8300   0.00112277
     -20.8200   0.00113799
     -20.8100   0.00115324
     -20.8000   0.00116851
     -20.7900   0.00118380
     -20.7800   0.00119910
     -20.7700   0.00121442
     -20.7600   0.00122974
     -20.7500   0.00124508
     -20.7400   0.00126043
     -20.7300   0.00127577
     -20.7200   0.00129112
     -20.7100   0.00130647
     -20.7000   0.00132181
     -20.6900   0.00133715
     -20.6800   0.00135248
     -20.6700   0.00136781
     -20.6600   0.00138312
     -20.6500   0.00139842
     -20.6400   0.00141370
     -20.6300   0.00142896
     -20.6200   0.00144421
     -20.6100   0.00145943
     -20.6000   0.00147463
     -20.5900   0.00148980
     -20.5800   0.00150495
     -20.5700   0.00152007
     -20.5600   0.00153515
     -20.5500   0.00155021
     -20.5400   0.00156523
     -20.5300   0.00158021
     -20.5200   0.00159516
     -20.5100   0.00161007
     -20.5000   0.00162494
     -20.4900   0.00163977
     -20.4800   0.00165456
     -20.4700   0.00166930
     -20.4600   0.00168400
     -20.4500   0.00169865
     -20.4400   0.00171325
     -20.4300   0.00172781
     -20.4200   0.00174232
     -20.4100   0.00175677
     -20.4000   0.00177118
     -20.3900   0.00178553
     -20.3800   0.00179982
     -20.3700   0.00181407
     -20.3600   0.00182826
     -20.3500   0.00184240
     -20.3400   0.00185647
     -20.3300   0.00187050
     -20.3200   0.00188446
     -20.3100   0.00189837
     -20.3000   0.00191222
     -20.2900   0.00192600
     -20.2800   0.00193973
     -20.2700   0.00195340
     -20.2600   0.00196702
     -20.2500   0.00198057
     -20.2400   0.00199406
     -20.2300   0.00200749
     -20.2200   0.00202085
     -20.2100   0.00203416
     -20.2000   0.00204741
     -20.1900   0.00206059
     -20.1800   0.00207372
     -20.1700   0.00208678
     -20.1600   0.00209979
     -20.1500   0.00211273
     -20.1400   0.00212561
     -20.1300   0.00213843
     -20.1200   0.00215120
     -20.1100   0.00216389
     -20.1000   0.00217654
     -20.0900   0.00218912
     -20.0800   0.00220164
     -20.0700   0.00221411
     -20.0600   0.00222652
     -20.0500   0.00223887
     -20.0400   0.00225116
     -20.0300   0.00226339
     -20.0200   0.00227557
     -20.0100   0.00228770
     -20.0000   0.00229977
     -19.9900   0.00231178
     -19.9800   0.00232375
     -19.9700   0.00233566
     -19.9600   0.00234751
     -19.9500   0.00235931
     -19.9400   0.00237107
     -19.9300   0.00238277
     -19.9200   0.00239443
     -19.9100   0.00240604
     -19.9000   0.00241759
     -19.8900   0.00242911
     -19.8800   0.00244057
     -19.8700   0.00245199
     -19.8600   0.00246337
     -19.8500   0.00247470
     -19.8400   0.00248600
     -19.8300   0.00249725
     -19.8200   0.00250846
     -19.8100   0.00251963
     -19.8000   0.00253076
     -19.7900   0.00254186
     -19.7800   0.00255292
     -19.7700   0.00256394
     -19.7600   0.00257494
     -19.7500   0.00258589
     -19.7400   0.00259682
     -19.7300   0.00260771
     -19.7200   0.00261858
     -19.7100   0.00262942
     -19.7000   0.00264023
     -19.6900   0.00265101
     -19.6800   0.00266177
     -19.6700   0.00267250
     -19.6600   0.00268321
     -19.6500   0.00269391
     -19.6400   0.00270457
     -19.6300   0.00271522
     -19.6200   0.00272586
     -19.6100   0.00273647
     -19.6000   0.00274707
     -19.5900   0.00275766
     -19.5800   0.00276823
     -19.5700   0.00277879
     -19.5600   0.00278934
     -19.5500   0.00279988
     -19.5400   0.00281040
     -19.5300   0.00282093
     -19.5200   0.00283145
     -19.5100   0.00284196
     -19.5000   0.00285247
     -19.4900   0.00286297
     -19.4800   0.00287348
     -19.4700   0.00288399
     -19.4600   0.00289449
     -19.4500   0.00290500
     -19.4400   0.00291551
     -19.4300   0.00292603
     -19.4200   0.00293656
     -19.4100   0.00294709
     -19.4000   0.00295763
     -19.3900   0.00296818
     -19.3800   0.00297874
     -19.3700   0.00298931
     -19.3600   0.00299990
     -19.3500   0.00301050
     -19.3400   0.00302112
     -19.3300   0.00303176
     -19.3200   0.00304241
     -19.3100   0.00305308
     -19.3000   0.00306377
     -19.2900   0.00307449
     -19.2800   0.00308523
     -19.2700   0.00309599
     -19.2600   0.00310678
     -19.2500   0.00311759
     -19.2400   0.00312843
     -19.2300   0.00313930
     -19.2200   0.00315021
     -19.2100   0.00316114
     -19.2000   0.00317210
     -19.1900   0.00318310
     -19.1800   0.00319413
     -19.1700   0.00320520
     -19.1600   0.00321630
     -19.1500   0.00322744
     -19.1400   0.00323863
     -19.1300   0.00324985
     -19.1200   0.00326111
     -19.1100   0.00327241
     -19.1000   0.00328376
     -19.0900   0.00329515
     -19.0800   0.00330659
     -19.0700   0.00331808
     -19.0600   0.00332961
     -19.0500   0.00334119
     -19.0400   0.00335282
     -19.0300   0.00336450
     -19.0200   0.00337623
     -19.0100   0.00338802
     -19.0000   0.00339986
     -18.9900   0.00341175
     -18.9800   0.00342370
     -18.9700   0.00343571
     -18.9600   0.00344777
     -18.9500   0.00345989
     -18.9400   0.00347208
     -18.9300   0.00348432
     -18.9200   0.00349663
     -18.9100   0.00350899
     -18.9000   0.00352143
     -18.8900   0.00353392
     -18.8800   0.00354648
     -18.8700   0.00355911
     -18.8600   0.00357180
     -18.8500   0.00358457
     -18.8400   0.00359740
     -18.8300   0.00361030
     -18.8200   0.00362327
     -18.8100   0.00363632
     -18.8000   0.00364944
     -18.7900   0.00366263
     -18.7800   0.00367589
     -18.7700   0.00368923
     -18.7600   0.00370265
     -18.7500   0.00371614
     -18.7400   0.00372972
     -18.7300   0.00374337
     -18.7200   0.00375710
     -18.7100   0.00377091
     -18.7000   0.00378480
     -18.6900   0.00379877
     -18.6800   0.00381283
     -18.6700   0.00382697
     -18.6600   0.00384119
     -18.6500   0.00385550
     -18.6400   0.00386990
     -18.6300   0.00388437
     -18.6200   0.00389895
     -18.6100   0.00391360
     -18.6000   0.00392835
     -18.5900   0.00394319
     -18.5800   0.00395812
     -18.5700   0.00397313
     -18.5600   0.00398825
     -18.5500   0.00400345
     -18.5400   0.00401875
     -18.5300   0.00403414
     -18.5200   0.00404962
     -18.5100   0.00406521
     -18.5000   0.00408089
     -18.4900   0.00409666
     -18.4800   0.00411254
     -18.4700   0.00412851
     -18.4600   0.00414459
     -18.4500   0.00416076
     -18.4400   0.00417703
     -18.4300   0.00419341
     -18.4200   0.00420988
     -18.4100   0.00422646
     -18.4000   0.00424315
     -18.3900   0.00425993
     -18.3800   0.00427682
     -18.3700   0.00429383
     -18.3600   0.00431093
     -18.3500   0.00432814
     -18.3400   0.00434546
     -18.3300   0.00436288
     -18.3200   0.00438042
     -18.3100   0.00439807
     -18.3000   0.00441582
     -18.2900   0.00443369
     -18.2800   0.00445166
     -18.2700   0.00446975
     -18.2600   0.00448796
     -18.2500   0.00450627
     -18.2400   0.00452470
     -18.2300   0.00454325
     -18.2200   0.00456191
     -18.2100   0.00458068
     -18.2000   0.00459957
     -18.1900   0.00461858
     -18.1800   0.00463771
     -18.1700   0.00465696
     -18.1600   0.00467632
     -18.1500   0.00469581
     -18.1400   0.00471541
     -18.1300   0.00473513
     -18.1200   0.00475498
     -18.1100   0.00477495
     -18.1000   0.00479504
     -18.0900   0.00481526
     -18.0800   0.00483560
     -18.0700   0.00485606
     -18.0600   0.00487665
     -18.0500   0.00489736
     -18.0400   0.00491820
     -18.0300   0.00493917
     -18.0200   0.00496026
     -18.0100   0.00498149
     -18.0000   0.00500284
     -17.9900   0.00502432
     -17.9800   0.00504593
     -17.9700   0.00506767
     -17.9600   0.00508955
     -17.9500   0.00511155
     -17.9400   0.00513369
     -17.9300   0.00515596
     -17.9200   0.00517836
     -17.9100   0.00520090
     -17.9000   0.00522357
     -17.8900   0.00524638
     -17.8800   0.00526932
     -17.8700   0.00529240
     -17.8600   0.00531562
     -17.8500   0.00533897
     -17.8400   0.00536246
     -17.8300   0.00538610
     -17.8200   0.00540987
     -17.8100   0.00543378
     -17.8000   0.00545783
     -17.7900   0.00548202
     -17.7800   0.00550636
     -17.7700   0.00553084
     -17.7600   0.00555546
     -17.7500   0.00558022
     -17.7400   0.00560513
     -17.7300   0.00563019
     -17.7200   0.00565539
     -17.7100   0.00568074
     -17.7000   0.00570622
     -17.6900   0.00573186
     -17.6800   0.00575765
     -17.6700   0.00578359
     -17.6600   0.00580968
     -17.6500   0.00583591
     -17.6400   0.00586230
     -17.6300   0.00588884
     -17.6200   0.00591553
     -17.6100   0.00594237
     -17.6000   0.00596936
     -17.5900   0.00599651
     -17.5800   0.00602382
     -17.5700   0.00605127
     -17.5600   0.00607889
     -17.5500   0.00610666
     -17.5400   0.00613458
     -17.5300   0.00616266
     -17.5200   0.00619090
     -17.5100   0.00621930
     -17.5000   0.00624786
     -17.4900   0.00627659
     -17.4800   0.00630547
     -17.4700   0.00633451
     -17.4600   0.00636371
     -17.4500   0.00639307
     -17.4400   0.00642260
     -17.4300   0.00645230
     -17.4200   0.00648216
     -17.4100   0.00651218
     -17.4000   0.00654237
     -17.3900   0.00657273
     -17.3800   0.00660325
     -17.3700   0.00663395
     -17.3600   0.00666480
     -17.3500   0.00669583
     -17.3400   0.00672703
     -17.3300   0.00675840
     -17.3200   0.00678995
     -17.3100   0.00682166
     -17.3000   0.00685355
     -17.2900   0.00688560
     -17.2800   0.00691784
     -17.2700   0.00695025
     -17.2600   0.00698284
     -17.2500   0.00701560
     -17.2400   0.00704854
     -17.2300   0.00708166
     -17.2200   0.00711496
     -17.2100   0.00714843
     -17.2000   0.00718208
     -17.1900   0.00721592
     -17.1800   0.00724994
     -17.1700   0.00728414
     -17.1600   0.00731852
     -17.1500   0.00735309
     -17.1400   0.00738784
     -17.1300   0.00742277
     -17.1200   0.00745790
     -17.1100   0.00749320
     -17.1000   0.00752870
     -17.0900   0.00756439
     -17.0800   0.00760027
     -17.0700   0.00763633
     -17.0600   0.00767259
     -17.0500   0.00770903
     -17.0400   0.00774567
     -17.0300   0.00778250
     -17.0200   0.00781953
     -17.0100   0.00785675
     -17.0000   0.00789417
     -16.9900   0.00793178
     -16.9800   0.00796959
     -16.9700   0.00800760
     -16.9600   0.00804581
     -16.9500   0.00808421
     -16.9400   0.00812283
     -16.9300   0.00816163
     -16.9200   0.00820064
     -16.9100   0.00823986
     -16.9000   0.00827928
     -16.8900   0.00831890
     -16.8800   0.00835872
     -16.8700   0.00839876
     -16.8600   0.00843900
     -16.8500   0.00847945
     -16.8400   0.00852011
     -16.8300   0.00856098
     -16.8200   0.00860207
     -16.8100   0.00864335
     -16.8000   0.00868486
     -16.7900   0.00872658
     -16.7800   0.00876852
     -16.7700   0.00881066
     -16.7600   0.00885303
     -16.7500   0.00889561
     -16.7400   0.00893841
     -16.7300   0.00898143
     -16.7200   0.00902467
     -16.7100   0.00906814
     -16.7000   0.00911181
     -16.6900   0.00915573
     -16.6800   0.00919985
     -16.6700   0.00924420
     -16.6600   0.00928879
     -16.6500   0.00933359
     -16.6400   0.00937863
     -16.6300   0.00942389
     -16.6200   0.00946939
     -16.6100   0.00951511
     -16.6000   0.00956107
     -16.5900   0.00960726
     -16.5800   0.00965368
     -16.5700   0.00970034
     -16.5600   0.00974723
     -16.5500   0.00979437
     -16.5400   0.00984173
     -16.5300   0.00988935
     -16.5200   0.00993719
     -16.5100   0.00998528
     -16.5000    0.0100336
     -16.4900    0.0100822
     -16.4800    0.0101310
     -16.4700    0.0101801
     -16.4600    0.0102294
     -16.4500    0.0102789
     -16.4400    0.0103288
     -16.4300    0.0103788
     -16.4200    0.0104291
     -16.4100    0.0104797
     -16.4000    0.0105305
     -16.3900    0.0105816
     -16.3800    0.0106329
     -16.3700    0.0106845
     -16.3600    0.0107363
     -16.3500    0.0107884
     -16.3400    0.0108407
     -16.3300    0.0108933
     -16.3200    0.0109462
     -16.3100    0.0109994
     -16.3000    0.0110528
     -16.2900    0.0111064
     -16.2800    0.0111604
     -16.2700    0.0112146
     -16.2600    0.0112691
     -16.2500    0.0113238
     -16.2400    0.0113788
     -16.2300    0.0114341
     -16.2200    0.0114897
     -16.2100    0.0115455
     -16.2000    0.0116016
     -16.1900    0.0116581
     -16.1800    0.0117147
     -16.1700    0.0117717
     -16.1600    0.0118289
     -16.1500    0.0118864
     -16.1400    0.0119442
     -16.1300    0.0120023
     -16.1200    0.0120607
     -16.1100    0.0121194
     -16.1000    0.0121783
     -16.0900    0.0122376
     -16.0800    0.0122971
     -16.0700    0.0123569
     -16.0600    0.0124171
     -16.0500    0.0124775
     -16.0400    0.0125382
     -16.0300    0.0125992
     -16.0200    0.0126605
     -16.0100    0.0127222
     -16.0000    0.0127841
     -15.9900    0.0128463
     -15.9800    0.0129089
     -15.9700    0.0129717
     -15.9600    0.0130348
     -15.9500    0.0130983
     -15.9400    0.0131621
     -15.9300    0.0132262
     -15.9200    0.0132906
     -15.9100    0.0133553
     -15.9000    0.0134203
     -15.8900    0.0134857
     -15.8800    0.0135513
     -15.8700    0.0136173
     -15.8600    0.0136836
     -15.8500    0.0137503
     -15.8400    0.0138172
     -15.8300    0.0138845
     -15.8200    0.0139522
     -15.8100    0.0140201
     -15.8000    0.0140884
     -15.7900    0.0141570
     -15.7800    0.0142260
     -15.7700    0.0142953
     -15.7600    0.0143649
     -15.7500    0.0144349
     -15.7400    0.0145052
     -15.7300    0.0145758
     -15.7200    0.0146468
     -15.7100    0.0147182
     -15.7000    0.0147899
     -15.6900    0.0148619
     -15.6800    0.0149343
     -15.6700    0.0150071
     -15.6600    0.0150802
     -15.6500    0.0151536
     -15.6400    0.0152274
     -15.6300    0.0153016
     -15.6200    0.0153761
     -15.6100    0.0154511
     -15.6000    0.0155263
     -15.5900    0.0156019
     -15.5800    0.0156779
     -15.5700    0.0157543
     -15.5600    0.0158310
     -15.5500    0.0159082
     -15.5400    0.0159857
     -15.5300    0.0160635
     -15.5200    0.0161418
     -15.5100    0.0162204
     -15.5000    0.0162994
     -15.4900    0.0163788
     -15.4800    0.0164586
     -15.4700    0.0165387
     -15.4600    0.0166193
     -15.4500    0.0167002
     -15.4400    0.0167816
     -15.4300    0.0168633
     -15.4200    0.0169454
     -15.4100    0.0170279
     -15.4000    0.0171109
     -15.3900    0.0171942
     -15.3800    0.0172779
     -15.3700    0.0173621
     -15.3600    0.0174466
     -15.3500    0.0175316
     -15.3400    0.0176169
     -15.3300    0.0177027
     -15.3200    0.0177889
     -15.3100    0.0178755
     -15.3000    0.0179626
     -15.2900    0.0180500
     -15.2800    0.0181379
     -15.2700    0.0182262
     -15.2600    0.0183150
     -15.2500    0.0184041
     -15.2400    0.0184937
     -15.2300    0.0185838
     -15.2200    0.0186742
     -15.2100    0.0187651
     -15.2000    0.0188565
     -15.1900    0.0189483
     -15.1800    0.0190405
     -15.1700    0.0191332
     -15.1600    0.0192263
     -15.1500    0.0193199
     -15.1400    0.0194139
     -15.1300    0.0195084
     -15.1200    0.0196033
     -15.1100    0.0196987
     -15.1000    0.0197946
     -15.0900    0.0198909
     -15.0800    0.0199877
     -15.0700    0.0200850
     -15.0600    0.0201827
     -15.0500    0.0202809
     -15.0400    0.0203796
     -15.0300    0.0204787
     -15.0200    0.0205784
     -15.0100    0.0206785
     -15.0000    0.0207791
     -14.9900    0.0208802
     -14.9800    0.0209818
     -14.9700    0.0210838
     -14.9600    0.0211864
     -14.9500    0.0212894
     -14.9400    0.0213930
     -14.9300    0.0214970
     -14.9200    0.0216016
     -14.9100    0.0217067
     -14.9000    0.0218122
     -14.8900    0.0219183
     -14.8800    0.0220249
     -14.8700    0.0221320
     -14.8600    0.0222396
     -14.8500    0.0223477
     -14.8400    0.0224564
     -14.8300    0.0225656
     -14.8200    0.0226753
     -14.8100    0.0227856
     -14.8000    0.0228963
     -14.7900    0.0230077
     -14.7800    0.0231195
     -14.7700    0.0232319
     -14.7600    0.0233448
     -14.7500    0.0234583
     -14.7400    0.0235723
     -14.7300    0.0236869
     -14.7200    0.0238020
     -14.7100    0.0239177
     -14.7000    0.0240340
     -14.6900    0.0241508
     -14.6800    0.0242681
     -14.6700    0.0243861
     -14.6600    0.0245046
     -14.6500    0.0246236
     -14.6400    0.0247433
     -14.6300    0.0248635
     -14.6200    0.0249843
     -14.6100    0.0251057
     -14.6000    0.0252277
     -14.5900    0.0253502
     -14.5800    0.0254734
     -14.5700    0.0255972
     -14.5600    0.0257215
     -14.5500    0.0258464
     -14.5400    0.0259720
     -14.5300    0.0260981
     -14.5200    0.0262249
     -14.5100    0.0263523
     -14.5000    0.0264803
     -14.4900    0.0266089
     -14.4800    0.0267381
     -14.4700    0.0268680
     -14.4600    0.0269984
     -14.4500    0.0271295
     -14.4400    0.0272613
     -14.4300    0.0273936
     -14.4200    0.0275266
     -14.4100    0.0276603
     -14.4000    0.0277946
     -14.3900    0.0279295
     -14.3800    0.0280651
     -14.3700    0.0282014
     -14.3600    0.0283383
     -14.3500    0.0284759
     -14.3400    0.0286141
     -14.3300    0.0287530
     -14.3200    0.0288926
     -14.3100    0.0290328
     -14.3000    0.0291737
     -14.2900    0.0293153
     -14.2800    0.0294576
     -14.2700    0.0296005
     -14.2600    0.0297442
     -14.2500    0.0298885
     -14.2400    0.0300336
     -14.2300    0.0301793
     -14.2200    0.0303258
     -14.2100    0.0304729
     -14.2000    0.0306208
     -14.1900    0.0307693
     -14.1800    0.0309186
     -14.1700    0.0310686
     -14.1600    0.0312194
     -14.1500    0.0313708
     -14.1400    0.0315230
     -14.1300    0.0316759
     -14.1200    0.0318296
     -14.1100    0.0319840
     -14.1000    0.0321391
     -14.0900    0.0322950
     -14.0800    0.0324517
     -14.0700    0.0326091
     -14.0600    0.0327672
     -14.0500    0.0329261
     -14.0400    0.0330858
     -14.0300    0.0332463
     -14.0200    0.0334075
     -14.0100    0.0335695
     -14.0000    0.0337323
     -13.9900    0.0338959
     -13.9800    0.0340603
     -13.9700    0.0342254
     -13.9600    0.0343913
     -13.9500    0.0345581
     -13.9400    0.0347257
     -13.9300    0.0348940
     -13.9200    0.0350632
     -13.9100    0.0352332
     -13.9000    0.0354040
     -13.8900    0.0355756
     -13.8800    0.0357481
     -13.8700    0.0359214
     -13.8600    0.0360955
     -13.8500    0.0362704
     -13.8400    0.0364462
     -13.8300    0.0366229
     -13.8200    0.0368004
     -13.8100    0.0369788
     -13.8000    0.0371580
     -13.7900    0.0373381
     -13.7800    0.0375190
     -13.7700    0.0377009
     -13.7600    0.0378836
     -13.7500    0.0380672
     -13.7400    0.0382516
     -13.7300    0.0384370
     -13.7200    0.0386232
     -13.7100    0.0388104
     -13.7000    0.0389984
     -13.6900    0.0391874
     -13.6800    0.0393773
     -13.6700    0.0395680
     -13.6600    0.0397598
     -13.6500    0.0399524
     -13.6400    0.0401459
     -13.6300    0.0403404
     -13.6200    0.0405359
     -13.6100    0.0407322
     -13.6000    0.0409295
     -13.5900    0.0411278
     -13.5800    0.0413271
     -13.5700    0.0415272
     -13.5600    0.0417284
     -13.5500    0.0419305
     -13.5400    0.0421336
     -13.5300    0.0423377
     -13.5200    0.0425427
     -13.5100    0.0427488
     -13.5000    0.0429558
     -13.4900    0.0431639
     -13.4800    0.0433729
     -13.4700    0.0435829
     -13.4600    0.0437940
     -13.4500    0.0440061
     -13.4400    0.0442192
     -13.4300    0.0444333
     -13.4200    0.0446485
     -13.4100    0.0448647
     -13.4000    0.0450819
     -13.3900    0.0453002
     -13.3800    0.0455195
     -13.3700    0.0457399
     -13.3600    0.0459614
     -13.3500    0.0461839
     -13.3400    0.0464075
     -13.3300    0.0466322
     -13.3200    0.0468580
     -13.3100    0.0470848
     -13.3000    0.0473128
     -13.2900    0.0475418
     -13.2800    0.0477720
     -13.2700    0.0480032
     -13.2600    0.0482356
     -13.2500    0.0484691
     -13.2400    0.0487037
     -13.2300    0.0489395
     -13.2200    0.0491764
     -13.2100    0.0494144
     -13.2000    0.0496536
     -13.1900    0.0498939
     -13.1800    0.0501354
     -13.1700    0.0503780
     -13.1600    0.0506219
     -13.1500    0.0508669
     -13.1400    0.0511131
     -13.1300    0.0513604
     -13.1200    0.0516090
     -13.1100    0.0518588
     -13.1000    0.0521097
     -13.0900    0.0523619
     -13.0800    0.0526153
     -13.0700    0.0528699
     -13.0600    0.0531258
     -13.0500    0.0533828
     -13.0400    0.0536412
     -13.0300    0.0539007
     -13.0200    0.0541615
     -13.0100    0.0544236
     -13.0000    0.0546869
     -12.9900    0.0549516
     -12.9800    0.0552174
     -12.9700    0.0554846
     -12.9600    0.0557530
     -12.9500    0.0560228
     -12.9400    0.0562939
     -12.9300    0.0565662
     -12.9200    0.0568399
     -12.9100    0.0571149
     -12.9000    0.0573912
     -12.8900    0.0576688
     -12.8800    0.0579478
     -12.8700    0.0582281
     -12.8600    0.0585098
     -12.8500    0.0587929
     -12.8400    0.0590773
     -12.8300    0.0593631
     -12.8200    0.0596502
     -12.8100    0.0599387
     -12.8000    0.0602287
     -12.7900    0.0605200
     -12.7800    0.0608128
     -12.7700    0.0611069
     -12.7600    0.0614025
     -12.7500    0.0616995
     -12.7400    0.0619979
     -12.7300    0.0622978
     -12.7200    0.0625991
     -12.7100    0.0629018
     -12.7000    0.0632061
     -12.6900    0.0635118
     -12.6800    0.0638189
     -12.6700    0.0641276
     -12.6600    0.0644377
     -12.6500    0.0647494
     -12.6400    0.0650625
     -12.6300    0.0653772
     -12.6200    0.0656933
     -12.6100    0.0660110
     -12.6000    0.0663302
     -12.5900    0.0666510
     -12.5800    0.0669733
     -12.5700    0.0672972
     -12.5600    0.0676226
     -12.5500    0.0679496
     -12.5400    0.0682782
     -12.5300    0.0686084
     -12.5200    0.0689401
     -12.5100    0.0692734
     -12.5000    0.0696084
     -12.4900    0.0699450
     -12.4800    0.0702832
     -12.4700    0.0706230
     -12.4600    0.0709645
     -12.4500    0.0713077
     -12.4400    0.0716524
     -12.4300    0.0719988
     -12.4200    0.0723470
     -12.4100    0.0726968
     -12.4000    0.0730483
     -12.3900    0.0734014
     -12.3800    0.0737563
     -12.3700    0.0741129
     -12.3600    0.0744712
     -12.3500    0.0748312
     -12.3400    0.0751930
     -12.3300    0.0755565
     -12.3200    0.0759218
     -12.3100    0.0762888
     -12.3000    0.0766576
     -12.2900    0.0770282
     -12.2800    0.0774006
     -12.2700    0.0777748
     -12.2600    0.0781508
     -12.2500    0.0785286
     -12.2400    0.0789082
     -12.2300    0.0792896
     -12.2200    0.0796729
     -12.2100    0.0800580
     -12.2000    0.0804450
     -12.1900    0.0808339
     -12.1800    0.0812246
     -12.1700    0.0816173
     -12.1600    0.0820118
     -12.1500    0.0824082
     -12.1400    0.0828065
     -12.1300    0.0832068
     -12.1200    0.0836090
     -12.1100    0.0840131
     -12.1000    0.0844192
     -12.0900    0.0848272
     -12.0800    0.0852372
     -12.0700    0.0856492
     -12.0600    0.0860632
     -12.0500    0.0864791
     -12.0400    0.0868971
     -12.0300    0.0873171
     -12.0200    0.0877391
     -12.0100    0.0881632
     -12.0000    0.0885893
     -11.9900    0.0890175
     -11.9800    0.0894477
     -11.9700    0.0898800
     -11.9600    0.0903144
     -11.9500    0.0907509
     -11.9400    0.0911895
     -11.9300    0.0916302
     -11.9200    0.0920730
     -11.9100    0.0925180
     -11.9000    0.0929651
     -11.8900    0.0934143
     -11.8800    0.0938658
     -11.8700    0.0943194
     -11.8600    0.0947752
     -11.8500    0.0952332
     -11.8400    0.0956934
     -11.8300    0.0961559
     -11.8200    0.0966206
     -11.8100    0.0970875
     -11.8000    0.0975567
     -11.7900    0.0980281
     -11.7800    0.0985018
     -11.7700    0.0989778
     -11.7600    0.0994560
     -11.7500    0.0999367
     -11.7400     0.100420
     -11.7300     0.100905
     -11.7200     0.101392
     -11.7100     0.101882
     -11.7000     0.102375
     -11.6900     0.102869
     -11.6800     0.103366
     -11.6700     0.103866
     -11.6600     0.104368
     -11.6500     0.104872
     -11.6400     0.105379
     -11.6300     0.105888
     -11.6200     0.106400
     -11.6100     0.106914
     -11.6000     0.107430
     -11.5900     0.107949
     -11.5800     0.108471
     -11.5700     0.108995
     -11.5600     0.109522
     -11.5500     0.110051
     -11.5400     0.110583
     -11.5300     0.111117
     -11.5200     0.111654
     -11.5100     0.112193
     -11.5000     0.112735
     -11.4900     0.113280
     -11.4800     0.113827
     -11.4700     0.114377
     -11.4600     0.114930
     -11.4500     0.115485
     -11.4400     0.116043
     -11.4300     0.116604
     -11.4200     0.117167
     -11.4100     0.117733
     -11.4000     0.118302
     -11.3900     0.118874
     -11.3800     0.119448
     -11.3700     0.120025
     -11.3600     0.120605
     -11.3500     0.121188
     -11.3400     0.121773
     -11.3300     0.122361
     -11.3200     0.122953
     -11.3100     0.123547
     -11.3000     0.124143
     -11.2900     0.124743
     -11.2800     0.125346
     -11.2700     0.125951
     -11.2600     0.126560
     -11.2500     0.127171
     -11.2400     0.127786
     -11.2300     0.128403
     -11.2200     0.129023
     -11.2100     0.129647
     -11.2000     0.130273
     -11.1900     0.130902
     -11.1800     0.131535
     -11.1700     0.132170
     -11.1600     0.132809
     -11.1500     0.133450
     -11.1400     0.134095
     -11.1300     0.134743
     -11.1200     0.135394
     -11.1100     0.136048
     -11.1000     0.136705
     -11.0900     0.137365
     -11.0800     0.138029
     -11.0700     0.138695
     -11.0600     0.139365
     -11.0500     0.140039
     -11.0400     0.140715
     -11.0300     0.141395
     -11.0200     0.142078
     -11.0100     0.142764
     -11.0000     0.143454
     -10.9900     0.144147
     -10.9800     0.144843
     -10.9700     0.145543
     -10.9600     0.146246
     -10.9500     0.146952
     -10.9400     0.147662
     -10.9300     0.148375
     -10.9200     0.149092
     -10.9100     0.149812
     -10.9000     0.150536
     -10.8900     0.151263
     -10.8800     0.151994
     -10.8700     0.152728
     -10.8600     0.153466
     -10.8500     0.154207
     -10.8400     0.154952
     -10.8300     0.155700
     -10.8200     0.156452
     -10.8100     0.157208
     -10.8000     0.157967
     -10.7900     0.158730
     -10.7800     0.159497
     -10.7700     0.160268
     -10.7600     0.161042
     -10.7500     0.161820
     -10.7400     0.162601
     -10.7300     0.163387
     -10.7200     0.164176
     -10.7100     0.164969
     -10.7000     0.165766
     -10.6900     0.166566
     -10.6800     0.167371
     -10.6700     0.168179
     -10.6600     0.168992
     -10.6500     0.169808
     -10.6400     0.170628
     -10.6300     0.171452
     -10.6200     0.172280
     -10.6100     0.173112
     -10.6000     0.173948
     -10.5900     0.174789
     -10.5800     0.175633
     -10.5700     0.176481
     -10.5600     0.177334
     -10.5500     0.178190
     -10.5400     0.179051
     -10.5300     0.179916
     -10.5200     0.180784
     -10.5100     0.181658
     -10.5000     0.182535
     -10.4900     0.183417
     -10.4800     0.184303
     -10.4700     0.185193
     -10.4600     0.186087
     -10.4500     0.186986
     -10.4400     0.187889
     -10.4300     0.188796
     -10.4200     0.189708
     -10.4100     0.190625
     -10.4000     0.191545
     -10.3900     0.192470
     -10.3800     0.193400
     -10.3700     0.194334
     -10.3600     0.195273
     -10.3500     0.196216
     -10.3400     0.197163
     -10.3300     0.198116
     -10.3200     0.199072
     -10.3100     0.200034
     -10.3000     0.201000
     -10.2900     0.201971
     -10.2800     0.202946
     -10.2700     0.203926
     -10.2600     0.204911
     -10.2500     0.205901
     -10.2400     0.206895
     -10.2300     0.207895
     -10.2200     0.208899
     -10.2100     0.209907
     -10.2000     0.210921
     -10.1900     0.211940
     -10.1800     0.212964
     -10.1700     0.213992
     -10.1600     0.215026
     -10.1500     0.216064
     -10.1400     0.217108
     -10.1300     0.218156
     -10.1200     0.219210
     -10.1100     0.220268
     -10.1000     0.221332
     -10.0900     0.222401
     -10.0800     0.223475
     -10.0700     0.224555
     -10.0600     0.225639
     -10.0500     0.226729
     -10.0400     0.227824
     -10.0300     0.228924
     -10.0200     0.230029
     -10.0100     0.231140
     -10.0000     0.232257
     -9.99000     0.233378
     -9.98000     0.234506
     -9.97000     0.235638
     -9.96000     0.236776
     -9.95000     0.237919
     -9.94000     0.239068
     -9.93000     0.240223
     -9.92000     0.241383
     -9.91000     0.242549
     -9.90000     0.243720
     -9.89000     0.244897
     -9.88000     0.246080
     -9.87000     0.247268
     -9.86000     0.248462
     -9.85000     0.249662
     -9.84000     0.250868
     -9.83000     0.252080
     -9.82000     0.253297
     -9.81000     0.254520
     -9.80000     0.255749
     -9.79000     0.256984
     -9.78000     0.258226
     -9.77000     0.259473
     -9.76000     0.260726
     -9.75000     0.261985
     -9.74000     0.263250
     -9.73000     0.264521
     -9.72000     0.265799
     -9.71000     0.267082
     -9.70000     0.268372
     -9.69000     0.269668
     -9.68000     0.270970
     -9.67000     0.272279
     -9.66000     0.273594
     -9.65000     0.274915
     -9.64000     0.276243
     -9.63000     0.277577
     -9.62000     0.278917
     -9.61000     0.280264
     -9.60000     0.281618
     -9.59000     0.282978
     -9.58000     0.284344
     -9.57000     0.285717
     -9.56000     0.287097
     -9.55000     0.288484
     -9.54000     0.289877
     -9.53000     0.291277
     -9.52000     0.292683
     -9.51000     0.294097
     -9.50000     0.295517
     -9.49000     0.296944
     -9.48000     0.298378
     -9.47000     0.299819
     -9.46000     0.301267
     -9.45000     0.302722
     -9.44000     0.304183
     -9.43000     0.305652
     -9.42000     0.307128
     -9.41000     0.308612
     -9.40000     0.310102
     -9.39000     0.311599
     -9.38000     0.313104
     -9.37000     0.314616
     -9.36000     0.316136
     -9.35000     0.317662
     -9.34000     0.319196
     -9.33000     0.320738
     -9.32000     0.322286
     -9.31000     0.323843
     -9.30000     0.325407
     -9.29000     0.326978
     -9.28000     0.328557
     -9.27000     0.330144
     -9.26000     0.331738
     -9.25000     0.333340
     -9.24000     0.334950
     -9.23000     0.336567
     -9.22000     0.338192
     -9.21000     0.339826
     -9.20000     0.341467
     -9.19000     0.343116
     -9.18000     0.344773
     -9.17000     0.346437
     -9.16000     0.348110
     -9.15000     0.349791
     -9.14000     0.351480
     -9.13000     0.353178
     -9.12000     0.354883
     -9.11000     0.356597
     -9.10000     0.358319
     -9.09000     0.360049
     -9.08000     0.361788
     -9.07000     0.363535
     -9.06000     0.365291
     -9.05000     0.367055
     -9.04000     0.368827
     -9.03000     0.370608
     -9.02000     0.372398
     -9.01000     0.374196
     -9.00000     0.376003
     -8.99000     0.377819
     -8.98000     0.379643
     -8.97000     0.381477
     -8.96000     0.383319
     -8.95000     0.385170
     -8.94000     0.387030
     -8.93000     0.388899
     -8.92000     0.390777
     -8.91000     0.392663
     -8.90000     0.394560
     -8.89000     0.396465
     -8.88000     0.398380
     -8.87000     0.400303
     -8.86000     0.402236
     -8.85000     0.404179
     -8.84000     0.406130
     -8.83000     0.408092
     -8.82000     0.410062
     -8.81000     0.412042
     -8.80000     0.414032
     -8.79000     0.416031
     -8.78000     0.418040
     -8.77000     0.420059
     -8.76000     0.422087
     -8.75000     0.424126
     -8.74000     0.426174
     -8.73000     0.428232
     -8.72000     0.430300
     -8.71000     0.432378
     -8.70000     0.434465
     -8.69000     0.436563
     -8.68000     0.438672
     -8.67000     0.440790
     -8.66000     0.442918
     -8.65000     0.445057
     -8.64000     0.447206
     -8.63000     0.449366
     -8.62000     0.451536
     -8.61000     0.453716
     -8.60000     0.455907
     -8.59000     0.458108
     -8.58000     0.460321
     -8.57000     0.462543
     -8.56000     0.464777
     -8.55000     0.467022
     -8.54000     0.469276
     -8.53000     0.471543
     -8.52000     0.473820
     -8.51000     0.476107
     -8.50000     0.478407
     -8.49000     0.480717
     -8.48000     0.483038
     -8.47000     0.485371
     -8.46000     0.487715
     -8.45000     0.490070
     -8.44000     0.492436
     -8.43000     0.494814
     -8.42000     0.497203
     -8.41000     0.499604
     -8.40000     0.502017
     -8.39000     0.504441
     -8.38000     0.506877
     -8.37000     0.509324
     -8.36000     0.511784
     -8.35000     0.514255
     -8.34000     0.516738
     -8.33000     0.519234
     -8.32000     0.521741
     -8.31000     0.524260
     -8.30000     0.526792
     -8.29000     0.529335
     -8.28000     0.531892
     -8.27000     0.534460
     -8.26000     0.537041
     -8.25000     0.539634
     -8.24000     0.542240
     -8.23000     0.544858
     -8.22000     0.547489
     -8.21000     0.550133
     -8.20000     0.552789
     -8.19000     0.555459
     -8.18000     0.558141
     -8.17000     0.560836
     -8.16000     0.563544
     -8.15000     0.566266
     -8.14000     0.569000
     -8.13000     0.571747
     -8.12000     0.574508
     -8.11000     0.577282
     -8.10000     0.580070
     -8.09000     0.582871
     -8.08000     0.585685
     -8.07000     0.588514
     -8.06000     0.591356
     -8.05000     0.594211
     -8.04000     0.597080
     -8.03000     0.599963
     -8.02000     0.602860
     -8.01000     0.605771
     -8.00000     0.608697
     -7.99000     0.611636
     -7.98000     0.614590
     -7.97000     0.617557
     -7.96000     0.620540
     -7.95000     0.623535
     -7.94000     0.626546
     -7.93000     0.629572
     -7.92000     0.632612
     -7.91000     0.635667
     -7.90000     0.638736
     -7.89000     0.641821
     -7.88000     0.644920
     -7.87000     0.648033
     -7.86000     0.651163
     -7.85000     0.654307
     -7.84000     0.657467
     -7.83000     0.660642
     -7.82000     0.663832
     -7.81000     0.667037
     -7.80000     0.670258
     -7.79000     0.673494
     -7.78000     0.676746
     -7.77000     0.680014
     -7.76000     0.683298
     -7.75000     0.686598
     -7.74000     0.689913
     -7.73000     0.693244
     -7.72000     0.696592
     -7.71000     0.699956
     -7.70000     0.703335
     -7.69000     0.706731
     -7.68000     0.710144
     -7.67000     0.713574
     -7.66000     0.717019
     -7.65000     0.720481
     -7.64000     0.723961
     -7.63000     0.727457
     -7.62000     0.730968
     -7.61000     0.734498
     -7.60000     0.738045
     -7.59000     0.741609
     -7.58000     0.745190
     -7.57000     0.748789
     -7.56000     0.752404
     -7.55000     0.756038
     -7.54000     0.759687
     -7.53000     0.763356
     -7.52000     0.767042
     -7.51000     0.770746
     -7.50000     0.774468
     -7.49000     0.778208
     -7.48000     0.781966
     -7.47000     0.785741
     -7.46000     0.789535
     -7.45000     0.793347
     -7.44000     0.797178
     -7.43000     0.801028
     -7.42000     0.804896
     -7.41000     0.808783
     -7.40000     0.812688
     -7.39000     0.816612
     -7.38000     0.820555
     -7.37000     0.824517
     -7.36000     0.828498
     -7.35000     0.832499
     -7.34000     0.836519
     -7.33000     0.840558
     -7.32000     0.844617
     -7.31000     0.848696
     -7.30000     0.852794
     -7.29000     0.856911
     -7.28000     0.861049
     -7.27000     0.865207
     -7.26000     0.869385
     -7.25000     0.873583
     -7.24000     0.877801
     -7.23000     0.882040
     -7.22000     0.886299
     -7.21000     0.890579
     -7.20000     0.894879
     -7.19000     0.899200
     -7.18000     0.903542
     -7.17000     0.907905
     -7.16000     0.912289
     -7.15000     0.916695
     -7.14000     0.921120
     -7.13000     0.925569
     -7.12000     0.930037
     -7.11000     0.934528
     -7.10000     0.939041
     -7.09000     0.943576
     -7.08000     0.948132
     -7.07000     0.952710
     -7.06000     0.957310
     -7.05000     0.961933
     -7.04000     0.966577
     -7.03000     0.971245
     -7.02000     0.975935
     -7.01000     0.980648
     -7.00000     0.985382
     -6.99000     0.990141
     -6.98000     0.994922
     -6.97000     0.999726
     -6.96000      1.00455
     -6.95000      1.00940
     -6.94000      1.01428
     -6.93000      1.01918
     -6.92000      1.02410
     -6.91000      1.02904
     -6.90000      1.03401
     -6.89000      1.03900
     -6.88000      1.04402
     -6.87000      1.04906
     -6.86000      1.05413
     -6.85000      1.05922
     -6.84000      1.06433
     -6.83000      1.06947
     -6.82000      1.07464
     -6.81000      1.07982
     -6.80000      1.08504
     -6.79000      1.09028
     -6.78000      1.09554
     -6.77000      1.10083
     -6.76000      1.10615
     -6.75000      1.11149
     -6.74000      1.11686
     -6.73000      1.12225
     -6.72000      1.12767
     -6.71000      1.13311
     -6.70000      1.13858
     -6.69000      1.14408
     -6.68000      1.14961
     -6.67000      1.15516
     -6.66000      1.16074
     -6.65000      1.16634
     -6.64000      1.17197
     -6.63000      1.17763
     -6.62000      1.18332
     -6.61000      1.18903
     -6.60000      1.19477
     -6.59000      1.20054
     -6.58000      1.20634
     -6.57000      1.21216
     -6.56000      1.21802
     -6.55000      1.22390
     -6.54000      1.22981
     -6.53000      1.23575
     -6.52000      1.24171
     -6.51000      1.24771
     -6.50000      1.25374
     -6.49000      1.25979
     -6.48000      1.26587
     -6.47000      1.27198
     -6.46000      1.27813
     -6.45000      1.28430
     -6.44000      1.29050
     -6.43000      1.29673
     -6.42000      1.30299
     -6.41000      1.30928
     -6.40000      1.31561
     -6.39000      1.32196
     -6.38000      1.32834
     -6.37000      1.33476
     -6.36000      1.34120
     -6.35000      1.34768
     -6.34000      1.35418
     -6.33000      1.36072
     -6.32000      1.36729
     -6.31000      1.37390
     -6.30000      1.38053
     -6.29000      1.38720
     -6.28000      1.39390
     -6.27000      1.40063
     -6.26000      1.40739
     -6.25000      1.41418
     -6.24000      1.42101
     -6.23000      1.42788
     -6.22000      1.43477
     -6.21000      1.44170
     -6.20000      1.44866
     -6.19000      1.45565
     -6.18000      1.46268
     -6.17000      1.46975
     -6.16000      1.47684
     -6.15000      1.48397
     -6.14000      1.49114
     -6.13000      1.49834
     -6.12000      1.50557
     -6.11000      1.51284
     -6.10000      1.52015
     -6.09000      1.52749
     -6.08000      1.53487
     -6.07000      1.54228
     -6.06000      1.54972
     -6.05000      1.55721
     -6.04000      1.56473
     -6.03000      1.57228
     -6.02000      1.57987
     -6.01000      1.58750
     -6.00000      1.59517
     -5.99000      1.60287
     -5.98000      1.61061
     -5.97000      1.61839
     -5.96000      1.62620
     -5.95000      1.63405
     -5.94000      1.64194
     -5.93000      1.64987
     -5.92000      1.65784
     -5.91000      1.66584
     -5.90000      1.67389
     -5.89000      1.68197
     -5.88000      1.69009
     -5.87000      1.69825
     -5.86000      1.70645
     -5.85000      1.71469
     -5.84000      1.72297
     -5.83000      1.73129
     -5.82000      1.73965
     -5.81000      1.74805
     -5.80000      1.75649
     -5.79000      1.76497
     -5.78000      1.77350
     -5.77000      1.78206
     -5.76000      1.79067
     -5.75000      1.79931
     -5.74000      1.80800
     -5.73000      1.81673
     -5.72000      1.82550
     -5.71000      1.83432
     -5.70000      1.84318
     -5.69000      1.85207
     -5.68000      1.86102
     -5.67000      1.87000
     -5.66000      1.87903
     -5.65000      1.88811
     -5.64000      1.89723
     -5.63000      1.90639
     -5.62000      1.91559
     -5.61000      1.92484
     -5.60000      1.93413
     -5.59000      1.94347
     -5.58000      1.95286
     -5.57000      1.96229
     -5.56000      1.97176
     -5.55000      1.98128
     -5.54000      1.99085
     -5.53000      2.00046
     -5.52000      2.01012
     -5.51000      2.01983
     -5.50000      2.02958
     -5.49000      2.03938
     -5.48000      2.04923
     -5.47000      2.05913
     -5.46000      2.06907
     -5.45000      2.07906
     -5.44000      2.08910
     -5.43000      2.09919
     -5.42000      2.10932
     -5.41000      2.11951
     -5.40000      2.12974
     -5.39000      2.14003
     -5.38000      2.15036
     -5.37000      2.16074
     -5.36000      2.17117
     -5.35000      2.18166
     -5.34000      2.19219
     -5.33000      2.20278
     -5.32000      2.21342
     -5.31000      2.22410
     -5.30000      2.23484
     -5.29000      2.24563
     -5.28000      2.25648
     -5.27000      2.26737
     -5.26000      2.27832
     -5.25000      2.28932
     -5.24000      2.30038
     -5.23000      2.31148
     -5.22000      2.32265
     -5.21000      2.33386
     -5.20000      2.34513
     -5.19000      2.35645
     -5.18000      2.36783
     -5.17000      2.37927
     -5.16000      2.39075
     -5.15000      2.40230
     -5.14000      2.41390
     -5.13000      2.42556
     -5.12000      2.43726
     -5.11000      2.44903
     -5.10000      2.46086
     -5.09000      2.47274
     -5.08000      2.48468
     -5.07000      2.49668
     -5.06000      2.50874
     -5.05000      2.52085
     -5.04000      2.53302
     -5.03000      2.54525
     -5.02000      2.55754
     -5.01000      2.56989
     -5.00000      2.58230
     -4.99000      2.59477
     -4.98000      2.60730
     -4.97000      2.61989
     -4.96000      2.63254
     -4.95000      2.64525
     -4.94000      2.65802
     -4.93000      2.67086
     -4.92000      2.68376
     -4.91000      2.69672
     -4.90000      2.70974
     -4.89000      2.72282
     -4.88000      2.73597
     -4.87000      2.74918
     -4.86000      2.76245
     -4.85000      2.77579
     -4.84000      2.78920
     -4.83000      2.80266
     -4.82000      2.81620
     -4.81000      2.82980
     -4.80000      2.84346
     -4.79000      2.85719
     -4.78000      2.87099
     -4.77000      2.88485
     -4.76000      2.89878
     -4.75000      2.91278
     -4.74000      2.92684
     -4.73000      2.94098
     -4.72000      2.95518
     -4.71000      2.96944
     -4.70000      2.98378
     -4.69000      2.99819
     -4.68000      3.01267
     -4.67000      3.02721
     -4.66000      3.04183
     -4.65000      3.05652
     -4.64000      3.07128
     -4.63000      3.08611
     -4.62000      3.10101
     -4.61000      3.11598
     -4.60000      3.13103
     -4.59000      3.14615
     -4.58000      3.16134
     -4.57000      3.17661
     -4.56000      3.19194
     -4.55000      3.20736
     -4.54000      3.22284
     -4.53000      3.23840
     -4.52000      3.25404
     -4.51000      3.26976
     -4.50000      3.28554
     -4.49000      3.30141
     -4.48000      3.31735
     -4.47000      3.33337
     -4.46000      3.34946
     -4.45000      3.36564
     -4.44000      3.38189
     -4.43000      3.39822
     -4.42000      3.41463
     -4.41000      3.43112
     -4.40000      3.44768
     -4.39000      3.46433
     -4.38000      3.48106
     -4.37000      3.49787
     -4.36000      3.51476
     -4.35000      3.53173
     -4.34000      3.54878
     -4.33000      3.56592
     -4.32000      3.58314
     -4.31000      3.60044
     -4.30000      3.61782
     -4.29000      3.63529
     -4.28000      3.65284
     -4.27000      3.67048
     -4.26000      3.68821
     -4.25000      3.70602
     -4.24000      3.72391
     -4.23000      3.74189
     -4.22000      3.75996
     -4.21000      3.77812
     -4.20000      3.79636
     -4.19000      3.81469
     -4.18000      3.83311
     -4.17000      3.85162
     -4.16000      3.87022
     -4.15000      3.88890
     -4.14000      3.90768
     -4.13000      3.92655
     -4.12000      3.94551
     -4.11000      3.96456
     -4.10000      3.98371
     -4.09000      4.00294
     -4.08000      4.02227
     -4.07000      4.04169
     -4.06000      4.06121
     -4.05000      4.08082
     -4.04000      4.10052
     -4.03000      4.12032
     -4.02000      4.14022
     -4.01000      4.16021
     -4.00000      4.18030
     -3.99000      4.20048
     -3.98000      4.22077
     -3.97000      4.24115
     -3.96000      4.26163
     -3.95000      4.28220
     -3.94000      4.30288
     -3.93000      4.32366
     -3.92000      4.34454
     -3.91000      4.36551
     -3.90000      4.38659
     -3.89000      4.40777
     -3.88000      4.42906
     -3.87000      4.45044
     -3.86000      4.47193
     -3.85000      4.49353
     -3.84000      4.51522
     -3.83000      4.53702
     -3.82000      4.55893
     -3.81000      4.58095
     -3.80000      4.60307
     -3.79000      4.62529
     -3.78000      4.64763
     -3.77000      4.67007
     -3.76000      4.69262
     -3.75000      4.71528
     -3.74000      4.73805
     -3.73000      4.76093
     -3.72000      4.78391
     -3.71000      4.80701
     -3.70000      4.83022
     -3.69000      4.85355
     -3.68000      4.87698
     -3.67000      4.90053
     -3.66000      4.92420
     -3.65000      4.94797
     -3.64000      4.97187
     -3.63000      4.99587
     -3.62000      5.01999
     -3.61000      5.04423
     -3.60000      5.06859
     -3.59000      5.09307
     -3.58000      5.11766
     -3.57000      5.14237
     -3.56000      5.16720
     -3.55000      5.19215
     -3.54000      5.21722
     -3.53000      5.24241
     -3.52000      5.26773
     -3.51000      5.29316
     -3.50000      5.31872
     -3.49000      5.34441
     -3.48000      5.37021
     -3.47000      5.39614
     -3.46000      5.42220
     -3.45000      5.44838
     -3.44000      5.47469
     -3.43000      5.50112
     -3.42000      5.52769
     -3.41000      5.55438
     -3.40000      5.58120
     -3.39000      5.60815
     -3.38000      5.63523
     -3.37000      5.66243
     -3.36000      5.68978
     -3.35000      5.71725
     -3.34000      5.74486
     -3.33000      5.77260
     -3.32000      5.80047
     -3.31000      5.82848
     -3.30000      5.85663
     -3.29000      5.88490
     -3.28000      5.91332
     -3.27000      5.94187
     -3.26000      5.97056
     -3.25000      5.99939
     -3.24000      6.02836
     -3.23000      6.05747
     -3.22000      6.08672
     -3.21000      6.11612
     -3.20000      6.14564
     -3.19000      6.17532
     -3.18000      6.20513
     -3.17000      6.23510
     -3.16000      6.26521
     -3.15000      6.29546
     -3.14000      6.32586
     -3.13000      6.35640
     -3.12000      6.38710
     -3.11000      6.41793
     -3.10000      6.44892
     -3.09000      6.48006
     -3.08000      6.51136
     -3.07000      6.54280
     -3.06000      6.57439
     -3.05000      6.60614
     -3.04000      6.63803
     -3.03000      6.67008
     -3.02000      6.70229
     -3.01000      6.73466
     -3.00000      6.76718
     -2.99000      6.79985
     -2.98000      6.83269
     -2.97000      6.86568
     -2.96000      6.89883
     -2.95000      6.93214
     -2.94000      6.96561
     -2.93000      6.99925
     -2.92000      7.03304
     -2.91000      7.06701
     -2.90000      7.10113
     -2.89000      7.13542
     -2.88000      7.16988
     -2.87000      7.20449
     -2.86000      7.23928
     -2.85000      7.27423
     -2.84000      7.30936
     -2.83000      7.34466
     -2.82000      7.38012
     -2.81000      7.41576
     -2.80000      7.45157
     -2.79000      7.48754
     -2.78000      7.52369
     -2.77000      7.56002
     -2.76000      7.59653
     -2.75000      7.63321
     -2.74000      7.67007
     -2.73000      7.70711
     -2.72000      7.74433
     -2.71000      7.78172
     -2.70000      7.81929
     -2.69000      7.85705
     -2.68000      7.89499
     -2.67000      7.93311
     -2.66000      7.97141
     -2.65000      8.00991
     -2.64000      8.04859
     -2.63000      8.08745
     -2.62000      8.12649
     -2.61000      8.16574
     -2.60000      8.20517
     -2.59000      8.24478
     -2.58000      8.28460
     -2.57000      8.32460
     -2.56000      8.36480
     -2.55000      8.40519
     -2.54000      8.44577
     -2.53000      8.48655
     -2.52000      8.52753
     -2.51000      8.56871
     -2.50000      8.61009
     -2.49000      8.65166
     -2.48000      8.69344
     -2.47000      8.73542
     -2.46000      8.77759
     -2.45000      8.81997
     -2.44000      8.86256
     -2.43000      8.90536
     -2.42000      8.94836
     -2.41000      8.99157
     -2.40000      9.03499
     -2.39000      9.07862
     -2.38000      9.12245
     -2.37000      9.16649
     -2.36000      9.21076
     -2.35000      9.25523
     -2.34000      9.29993
     -2.33000      9.34483
     -2.32000      9.38996
     -2.31000      9.43530
     -2.30000      9.48086
     -2.29000      9.52663
     -2.28000      9.57263
     -2.27000      9.61886
     -2.26000      9.66530
     -2.25000      9.71197
     -2.24000      9.75887
     -2.23000      9.80599
     -2.22000      9.85334
     -2.21000      9.90092
     -2.20000      9.94872
     -2.19000      9.99676
     -2.18000      10.0450
     -2.17000      10.0935
     -2.16000      10.1423
     -2.15000      10.1913
     -2.14000      10.2405
     -2.13000      10.2899
     -2.12000      10.3396
     -2.11000      10.3895
     -2.10000      10.4397
     -2.09000      10.4901
     -2.08000      10.5408
     -2.07000      10.5916
     -2.06000      10.6428
     -2.05000      10.6942
     -2.04000      10.7458
     -2.03000      10.7977
     -2.02000      10.8498
     -2.01000      10.9022
     -2.00000      10.9549
     -1.99000      11.0078
     -1.98000      11.0609
     -1.97000      11.1143
     -1.96000      11.1680
     -1.95000      11.2219
     -1.94000      11.2761
     -1.93000      11.3306
     -1.92000      11.3853
     -1.91000      11.4403
     -1.90000      11.4955
     -1.89000      11.5510
     -1.88000      11.6068
     -1.87000      11.6628
     -1.86000      11.7191
     -1.85000      11.7757
     -1.84000      11.8326
     -1.83000      11.8897
     -1.82000      11.9471
     -1.81000      12.0048
     -1.80000      12.0628
     -1.79000      12.1210
     -1.78000      12.1796
     -1.77000      12.2384
     -1.76000      12.2975
     -1.75000      12.3568
     -1.74000      12.4165
     -1.73000      12.4765
     -1.72000      12.5367
     -1.71000      12.5972
     -1.70000      12.6581
     -1.69000      12.7192
     -1.68000      12.7806
     -1.67000      12.8423
     -1.66000      12.9043
     -1.65000      12.9666
     -1.64000      13.0293
     -1.63000      13.0922
     -1.62000      13.1554
     -1.61000      13.2189
     -1.60000      13.2827
     -1.59000      13.3469
     -1.58000      13.4113
     -1.57000      13.4761
     -1.56000      13.5412
     -1.55000      13.6065
     -1.54000      13.6722
     -1.53000      13.7382
     -1.52000      13.8046
     -1.51000      13.8712
     -1.50000      13.9382
     -1.49000      14.0055
     -1.48000      14.0732
     -1.47000      14.1411
     -1.46000      14.2094
     -1.45000      14.2780
     -1.44000      14.3469
     -1.43000      14.4162
     -1.42000      14.4858
     -1.41000      14.5558
     -1.40000      14.6261
     -1.39000      14.6967
     -1.38000      14.7677
     -1.37000      14.8390
     -1.36000      14.9106
     -1.35000      14.9826
     -1.34000      15.0549
     -1.33000      15.1276
     -1.32000      15.2007
     -1.31000      15.2741
     -1.30000      15.3479
     -1.29000      15.4220
     -1.28000      15.4964
     -1.27000      15.5712
     -1.26000      15.6464
     -1.25000      15.7220
     -1.24000      15.7979
     -1.23000      15.8742
     -1.22000      15.9508
     -1.21000      16.0279
     -1.20000      16.1052
     -1.19000      16.1830
     -1.18000      16.2612
     -1.17000      16.3397
     -1.16000      16.4186
     -1.15000      16.4979
     -1.14000      16.5775
     -1.13000      16.6576
     -1.12000      16.7380
     -1.11000      16.8188
     -1.10000      16.9000
     -1.09000      16.9816
     -1.08000      17.0636
     -1.07000      17.1460
     -1.06000      17.2288
     -1.05000      17.3120
     -1.04000      17.3956
     -1.03000      17.4796
     -1.02000      17.5640
     -1.01000      17.6488
     -1.00000      17.7340
    -0.990000      17.8197
    -0.980000      17.9057
    -0.969999      17.9922
    -0.959999      18.0791
    -0.950001      18.1663
    -0.940001      18.2541
    -0.930000      18.3422
    -0.920000      18.4308
    -0.910000      18.5198
    -0.900000      18.6092
    -0.889999      18.6990
    -0.879999      18.7893
    -0.870001      18.8801
    -0.860001      18.9712
    -0.850000      19.0628
    -0.840000      19.1549
    -0.830000      19.2474
    -0.820000      19.3403
    -0.809999      19.4337
    -0.799999      19.5275
    -0.790001      19.6218
    -0.780001      19.7166
    -0.770000      19.8118
    -0.760000      19.9074
    -0.750000      20.0036
    -0.740000      20.1002
    -0.730000      20.1972
    -0.719999      20.2947
    -0.709999      20.3928
    -0.700001      20.4912
    -0.690001      20.5902
    -0.680000      20.6896
    -0.670000      20.7895
    -0.660000      20.8899
    -0.650000      20.9907
    -0.639999      21.0921
    -0.629999      21.1939
    -0.620001      21.2963
    -0.610001      21.3991
    -0.600000      21.5024
    -0.590000      21.6063
    -0.580000      21.7106
    -0.570000      21.8154
    -0.559999      21.9208
    -0.549999      22.0266
    -0.540001      22.1329
    -0.530001      22.2398
    -0.520000      22.3472
    -0.510000      22.4551
    -0.500000      22.5636
    -0.490000      22.6725
    -0.480000      22.7820
    -0.469999      22.8920
    -0.459999      23.0025
    -0.450001      23.1136
    -0.440001      23.2252
    -0.430000      23.3373
    -0.420000      23.4500
    -0.410000      23.5633
    -0.400000      23.6771
    -0.389999      23.7914
    -0.379999      23.9063
    -0.370001      24.0217
    -0.360001      24.1377
    -0.350000      24.2542
    -0.340000      24.3713
    -0.330000      24.4890
    -0.320000      24.6073
    -0.309999      24.7261
    -0.299999      24.8455
    -0.290001      24.9654
    -0.280001      25.0860
    -0.270000      25.2071
    -0.260000      25.3288
    -0.250000      25.4512
    -0.240000      25.5741
    -0.230000      25.6975
    -0.219999      25.8216
    -0.209999      25.9463
    -0.200001      26.0716
    -0.190001      26.1975
    -0.180000      26.3240
    -0.170000      26.4511
    -0.160000      26.5788
    -0.150000      26.7072
    -0.139999      26.8361
    -0.129999      26.9657
    -0.120001      27.0959
    -0.110001      27.2267
    -0.100000      27.3582
   -0.0900002      27.4903
   -0.0799999      27.6230
   -0.0699997      27.7564
   -0.0599995      27.8904
   -0.0499992      28.0251
   -0.0400009      28.1604
   -0.0300007      28.2964
   -0.0200005      28.4331
   -0.0100002      28.5703
