20194
22387
22609
19952
22097
19485
22188
18790
19118
20100
20561
18969
18781
21820
20391
18710
24690
19415
22773
20448
20839
20280
19726
21262
22921
18645
20596
25821
19665
21929
22838
18440
18018
22745
20501
20209
20912
22484
22979
20776
20750
19831
20487
19799
18504
21642
21400
20661
26682
21016
20994
19428
24505
21632
21729
19842
20486
21379
21797
21117
20326
23130
20186
23438
22212
19902
22441
19476
22563
20052
21463
20998
23059
24505
22374
19709
25650
23230
23179
22277
18330
22652
19995
20874
20146
21002
19284
21894
21196
19351
21065
17825
19618
21130
19488
21281
22113
20320
18504
20085
20886
18429
17559
22370
22535
18684
20401
20388
20426
20285
22492
18208
22254
22183
21315
23866
23600
19291
17572
22960
20446
23493
21421
21947
21058
20907
22364
19156
22143
20011
23394
24424
23012
21775
24204
21962
22508
19451
20641
23293
21698
17929
21419
22325
22213
24047
21453
17048
17488
21241
19274
19242
22778
23542
20534
19151
20823
22294
21138
21312
19283
21468
21667
24868
22624
21474
20882
19852
19145
24618
21598
20962
20989
20790
25849
18704
21665
17949
19739
16949
18196
20617
20676
18014
19265
19455
21412
23421
22241
20641
21149
21797
18049
21642
20243
19766
21109
20644
24766
18502
22196
20755
18294
22154
