0
1
112
113
114
115
116
117
118
119
12
120
121
122
123
124
125
126
127
13
14
144
145
146
147
148
149
15
150
151
152
153
154
155
156
157
158
159
16
160
17
176
177
178
179
180
181
182
183
184
185
186
187
188
189
190
191
208
209
210
211
212
213
214
215
216
217
218
219
220
221
222
223
224
24
240
241
242
243
244
245
246
247
248
249
25
250
251
252
253
254
255
26
27
272
273
274
275
276
277
278
279
28
280
281
282
283
284
285
286
287
288
29
30
304
305
306
307
308
309
31
310
311
312
313
314
315
316
317
318
319
336
337
338
339
340
341
342
343
344
345
346
347
348
349
350
351
352
368
369
370
371
372
373
374
375
376
377
378
379
380
381
382
383
4
40
41
42
43
44
45
46
47
48
49
5
6
60
61
62
63
64
65
66
67
68
69
7
70
71
84
85
86
87
88
89
90
91
92
93
94
95
96
97
