0 0
1 1
112 2
113 3
114 4
115 5
116 6
117 7
118 8
119 9
12 10
120 11
121 12
122 13
123 14
124 15
125 16
126 17
127 18
13 19
14 20
144 21
145 22
146 23
147 24
148 25
149 26
15 27
150 28
151 29
152 30
153 31
154 32
155 33
156 34
157 35
158 36
159 37
16 38
160 39
17 40
176 41
177 42
178 43
179 44
180 45
181 46
182 47
183 48
184 49
185 50
186 51
187 52
188 53
189 54
190 55
191 56
208 57
209 58
210 59
211 60
212 61
213 62
214 63
215 64
216 65
217 66
218 67
219 68
220 69
221 70
222 71
223 72
224 73
24 74
240 75
241 76
242 77
243 78
244 79
245 80
246 81
247 82
248 83
249 84
25 85
250 86
251 87
252 88
253 89
254 90
255 91
26 92
27 93
272 94
273 95
274 96
275 97
276 98
277 99
278 100
279 101
28 102
280 103
281 104
282 105
283 106
284 107
285 108
286 109
287 110
288 111
29 112
30 113
304 114
305 115
306 116
307 117
308 118
309 119
31 120
310 121
311 122
312 123
313 124
314 125
315 126
316 127
317 128
318 129
319 130
336 131
337 132
338 133
339 134
340 135
341 136
342 137
343 138
344 139
345 140
346 141
347 142
348 143
349 144
350 145
351 146
352 147
368 148
369 149
370 150
371 151
372 152
373 153
374 154
375 155
376 156
377 157
378 158
379 159
380 160
381 161
382 162
383 163
4 164
40 165
41 166
42 167
43 168
44 169
45 170
46 171
47 172
48 173
49 174
5 175
6 176
60 177
61 178
62 179
63 180
64 181
65 182
66 183
67 184
68 185
69 186
7 187
70 188
71 189
84 190
85 191
86 192
87 193
88 194
89 195
90 196
91 197
92 198
93 199
94 200
95 201
96 202
97 203
