     -23.3246  1.76480e-06
     -23.2246  2.79039e-06
     -23.1246  4.41209e-06
     -23.0246  7.11419e-06
     -22.9246  1.14714e-05
     -22.8246  1.71334e-05
     -22.7246  2.55897e-05
     -22.6246  4.50801e-05
     -22.5246  7.94172e-05
     -22.4246  0.000120150
     -22.3246  0.000181775
     -22.2246  0.000271635
     -22.1246  0.000405905
     -22.0246  0.000562063
     -21.9246  0.000778278
     -21.8246  0.000976686
     -21.7246   0.00122567
     -21.6246   0.00152418
     -21.5246   0.00189542
     -21.4246   0.00220915
     -21.3246   0.00257487
     -21.2246   0.00295376
     -21.1246   0.00338848
     -21.0246   0.00383314
     -20.9246   0.00433616
     -20.8246   0.00474247
     -20.7246   0.00518675
     -20.6246   0.00555284
     -20.5246   0.00594477
     -20.4246   0.00636656
     -20.3246   0.00681844
     -20.2246   0.00709717
     -20.1246   0.00738746
     -20.0246   0.00774845
     -19.9246   0.00812690
     -19.8246   0.00840630
     -19.7246   0.00869531
     -19.6246   0.00889539
     -19.5246   0.00910028
     -19.4246   0.00930990
     -19.3246   0.00952412
     -19.2246   0.00974350
     -19.1246   0.00996793
     -19.0246    0.0101973
     -18.9246    0.0104322
     -18.8246    0.0106722
     -18.7246    0.0109180
     -18.6246    0.0111695
     -18.5246    0.0114265
     -18.4246    0.0116897
     -18.3246    0.0119590
     -18.2246    0.0122342
     -18.1246    0.0125160
     -18.0246    0.0128043
     -17.9246    0.0130989
     -17.8246    0.0134006
     -17.7246    0.0137090
     -17.6246    0.0140247
     -17.5246    0.0143478
     -17.4246    0.0146779
     -17.3246    0.0150160
     -17.2246    0.0153619
     -17.1246    0.0157154
     -17.0246    0.0160774
     -16.9246    0.0164477
     -16.8246    0.0168262
     -16.7246    0.0172137
     -16.6246    0.0176098
     -16.5246    0.0180154
     -16.4246    0.0184304
     -16.3246    0.0188545
     -16.2246    0.0192888
     -16.1246    0.0197331
     -16.0246    0.0201871
     -15.9246    0.0206521
     -15.8246    0.0211278
     -15.7246    0.0216140
     -15.6246    0.0221118
     -15.5246    0.0226206
     -15.4246    0.0231417
     -15.3246    0.0236747
     -15.2246    0.0242195
     -15.1246    0.0247774
     -15.0246    0.0253481
     -14.9246    0.0259313
     -14.8246    0.0265286
     -14.7246    0.0271397
     -14.6246    0.0277642
     -14.5246    0.0284037
     -14.4246    0.0290573
