     -25.0000  1.38349e-14
     -24.9900  1.58228e-14
     -24.9800  1.80886e-14
     -24.9700  2.06701e-14
     -24.9600  2.36099e-14
     -24.9500  2.69555e-14
     -24.9400  3.07630e-14
     -24.9300  3.50933e-14
     -24.9200  4.00160e-14
     -24.9100  4.56097e-14
     -24.9000  5.19633e-14
     -24.8900  5.91766e-14
     -24.8800  6.73625e-14
     -24.8700  7.66462e-14
     -24.8600  8.71740e-14
     -24.8500  9.91059e-14
     -24.8400  1.12623e-13
     -24.8300  1.27929e-13
     -24.8200  1.45252e-13
     -24.8100  1.64851e-13
     -24.8000  1.87015e-13
     -24.7900  2.12064e-13
     -24.7800  2.40370e-13
     -24.7700  2.72339e-13
     -24.7600  3.08428e-13
     -24.7500  3.49149e-13
     -24.7400  3.95079e-13
     -24.7300  4.46859e-13
     -24.7200  5.05210e-13
     -24.7100  5.70938e-13
     -24.7000  6.44925e-13
     -24.6900  7.28208e-13
     -24.6800  8.21893e-13
     -24.6700  9.27236e-13
     -24.6600  1.04563e-12
     -24.6500  1.17865e-12
     -24.6400  1.32801e-12
     -24.6300  1.49567e-12
     -24.6200  1.68373e-12
     -24.6100  1.89468e-12
     -24.6000  2.13114e-12
     -24.5900  2.39609e-12
     -24.5800  2.69284e-12
     -24.5700  3.02504e-12
     -24.5600  3.39677e-12
     -24.5500  3.81255e-12
     -24.5400  4.27731e-12
     -24.5300  4.79679e-12
     -24.5200  5.37705e-12
     -24.5100  6.02493e-12
     -24.5000  6.74800e-12
     -24.4900  7.55463e-12
     -24.4800  8.45406e-12
     -24.4700  9.45654e-12
     -24.4600  1.05734e-11
     -24.4500  1.18168e-11
     -24.4400  1.32011e-11
     -24.4300  1.47413e-11
     -24.4200  1.64542e-11
     -24.4100  1.83582e-11
     -24.4000  2.04738e-11
     -24.3900  2.28235e-11
     -24.3800  2.54320e-11
     -24.3700  2.83260e-11
     -24.3600  3.15364e-11
     -24.3500  3.50957e-11
     -24.3400  3.90401e-11
     -24.3300  4.34092e-11
     -24.3200  4.82467e-11
     -24.3100  5.36005e-11
     -24.3000  5.95228e-11
     -24.2900  6.60700e-11
     -24.2800  7.33076e-11
     -24.2700  8.13032e-11
     -24.2600  9.01325e-11
     -24.2500  9.98778e-11
     -24.2400  1.10630e-10
     -24.2300  1.22487e-10
     -24.2200  1.35557e-10
     -24.2100  1.49957e-10
     -24.2000  1.65814e-10
     -24.1900  1.83272e-10
     -24.1800  2.02482e-10
     -24.1700  2.23610e-10
     -24.1600  2.46837e-10
     -24.1500  2.72361e-10
     -24.1400  3.00395e-10
     -24.1300  3.31174e-10
     -24.1200  3.64944e-10
     -24.1100  4.01993e-10
     -24.1000  4.42615e-10
     -24.0900  4.87133e-10
     -24.0800  5.35900e-10
     -24.0700  5.89298e-10
     -24.0600  6.47739e-10
     -24.0500  7.11673e-10
     -24.0400  7.81569e-10
     -24.0300  8.57979e-10
     -24.0200  9.41457e-10
     -24.0100  1.03262e-09
     -24.0000  1.13212e-09
     -23.9900  1.24068e-09
     -23.9800  1.35907e-09
     -23.9700  1.48813e-09
     -23.9600  1.62874e-09
     -23.9500  1.78184e-09
     -23.9400  1.94855e-09
     -23.9300  2.12993e-09
     -23.9200  2.32721e-09
     -23.9100  2.54168e-09
     -23.9000  2.77472e-09
     -23.8900  3.02784e-09
     -23.8800  3.30264e-09
     -23.8700  3.60079e-09
     -23.8600  3.92423e-09
     -23.8500  4.27491e-09
     -23.8400  4.65494e-09
     -23.8300  5.06658e-09
     -23.8200  5.51228e-09
     -23.8100  5.99462e-09
     -23.8000  6.51639e-09
     -23.7900  7.08043e-09
     -23.7800  7.69014e-09
     -23.7700  8.34879e-09
     -23.7600  9.05997e-09
     -23.7500  9.82755e-09
     -23.7400  1.06556e-08
     -23.7300  1.15485e-08
     -23.7200  1.25109e-08
     -23.7100  1.35476e-08
     -23.7000  1.46639e-08
     -23.6900  1.58655e-08
     -23.6800  1.71583e-08
     -23.6700  1.85486e-08
     -23.6600  2.00429e-08
     -23.6500  2.16484e-08
     -23.6400  2.33724e-08
     -23.6300  2.52230e-08
     -23.6200  2.72082e-08
     -23.6100  2.93375e-08
     -23.6000  3.16199e-08
     -23.5900  3.40654e-08
     -23.5800  3.66843e-08
     -23.5700  3.94878e-08
     -23.5600  4.24873e-08
     -23.5500  4.56952e-08
     -23.5400  4.91237e-08
     -23.5300  5.27876e-08
     -23.5200  5.67007e-08
     -23.5100  6.08779e-08
     -23.5000  6.53349e-08
     -23.4900  7.00884e-08
     -23.4800  7.51557e-08
     -23.4700  8.05551e-08
     -23.4600  8.63057e-08
     -23.4500  9.24262e-08
     -23.4400  9.89400e-08
     -23.4300  1.05868e-07
     -23.4200  1.13233e-07
     -23.4100  1.21059e-07
     -23.4000  1.29370e-07
     -23.3900  1.38194e-07
     -23.3800  1.47557e-07
     -23.3700  1.57486e-07
     -23.3600  1.68015e-07
     -23.3500  1.79171e-07
     -23.3400  1.90988e-07
     -23.3300  2.03498e-07
     -23.3200  2.16736e-07
     -23.3100  2.30739e-07
     -23.3000  2.45544e-07
     -23.2900  2.61186e-07
     -23.2800  2.77712e-07
     -23.2700  2.95160e-07
     -23.2600  3.13575e-07
     -23.2500  3.33001e-07
     -23.2400  3.53484e-07
     -23.2300  3.75072e-07
     -23.2200  3.97816e-07
     -23.2100  4.21766e-07
     -23.2000  4.46972e-07
     -23.1900  4.73497e-07
     -23.1800  5.01394e-07
     -23.1700  5.30721e-07
     -23.1600  5.61540e-07
     -23.1500  5.93913e-07
     -23.1400  6.27905e-07
     -23.1300  6.63582e-07
     -23.1200  7.01007e-07
     -23.1100  7.40264e-07
     -23.1000  7.81422e-07
     -23.0900  8.24555e-07
     -23.0800  8.69743e-07
     -23.0700  9.17067e-07
     -23.0600  9.66611e-07
     -23.0500  1.01846e-06
     -23.0400  1.07270e-06
     -23.0300  1.12944e-06
     -23.0200  1.18877e-06
     -23.0100  1.25078e-06
     -23.0000  1.31558e-06
     -22.9900  1.38329e-06
     -22.9800  1.45401e-06
     -22.9700  1.52786e-06
     -22.9600  1.60495e-06
     -22.9500  1.68541e-06
     -22.9400  1.76940e-06
     -22.9300  1.85704e-06
     -22.9200  1.94847e-06
     -22.9100  2.04384e-06
     -22.9000  2.14332e-06
     -22.8900  2.24707e-06
     -22.8800  2.35524e-06
     -22.8700  2.46808e-06
     -22.8600  2.58571e-06
     -22.8500  2.70837e-06
     -22.8400  2.83628e-06
     -22.8300  2.96966e-06
     -22.8200  3.10874e-06
     -22.8100  3.25377e-06
     -22.8000  3.40503e-06
     -22.7900  3.56276e-06
     -22.7800  3.72733e-06
     -22.7700  3.89901e-06
     -22.7600  4.07814e-06
     -22.7500  4.26508e-06
     -22.7400  4.46020e-06
     -22.7300  4.66390e-06
     -22.7200  4.87660e-06
     -22.7100  5.09874e-06
     -22.7000  5.33076e-06
     -22.6900  5.57324e-06
     -22.6800  5.82667e-06
     -22.6700  6.09162e-06
     -22.6600  6.36868e-06
     -22.6500  6.65847e-06
     -22.6400  6.96168e-06
     -22.6300  7.27894e-06
     -22.6200  7.61119e-06
     -22.6100  7.95897e-06
     -22.6000  8.32331e-06
     -22.5900  8.70502e-06
     -22.5800  9.10504e-06
     -22.5700  9.52435e-06
     -22.5600  9.96398e-06
     -22.5500  1.04250e-05
     -22.5400  1.09086e-05
     -22.5300  1.14160e-05
     -22.5200  1.19484e-05
     -22.5100  1.25073e-05
     -22.5000  1.30939e-05
     -22.4900  1.37099e-05
     -22.4800  1.43566e-05
     -22.4700  1.50358e-05
     -22.4600  1.57492e-05
     -22.4500  1.64983e-05
     -22.4400  1.72853e-05
     -22.4300  1.81120e-05
     -22.4200  1.89805e-05
     -22.4100  1.98929e-05
     -22.4000  2.08513e-05
     -22.3900  2.18580e-05
     -22.3800  2.29152e-05
     -22.3700  2.40261e-05
     -22.3600  2.51924e-05
     -22.3500  2.64173e-05
     -22.3400  2.77035e-05
     -22.3300  2.90537e-05
     -22.3200  3.04711e-05
     -22.3100  3.19586e-05
     -22.3000  3.35194e-05
     -22.2900  3.51566e-05
     -22.2800  3.68741e-05
     -22.2700  3.86751e-05
     -22.2600  4.05632e-05
     -22.2500  4.25422e-05
     -22.2400  4.46158e-05
     -22.2300  4.67880e-05
     -22.2200  4.90627e-05
     -22.2100  5.14442e-05
     -22.2000  5.39362e-05
     -22.1900  5.65439e-05
     -22.1800  5.92714e-05
     -22.1700  6.21231e-05
     -22.1600  6.51038e-05
     -22.1500  6.82180e-05
     -22.1400  7.14708e-05
     -22.1300  7.48663e-05
     -22.1200  7.84116e-05
     -22.1100  8.21089e-05
     -22.1000  8.59657e-05
     -22.0900  8.99864e-05
     -22.0800  9.41764e-05
     -22.0700  9.85411e-05
     -22.0600  0.000103086
     -22.0500  0.000107817
     -22.0400  0.000112738
     -22.0300  0.000117857
     -22.0200  0.000123179
     -22.0100  0.000128709
     -22.0000  0.000134454
     -21.9900  0.000140419
     -21.9800  0.000146610
     -21.9700  0.000153033
     -21.9600  0.000159694
     -21.9500  0.000166598
     -21.9400  0.000173753
     -21.9300  0.000181163
     -21.9200  0.000188836
     -21.9100  0.000196776
     -21.9000  0.000204991
     -21.8900  0.000213485
     -21.8800  0.000222263
     -21.8700  0.000231335
     -21.8600  0.000240702
     -21.8500  0.000250373
     -21.8400  0.000260354
     -21.8300  0.000270649
     -21.8200  0.000281264
     -21.8100  0.000292204
     -21.8000  0.000303476
     -21.7900  0.000315082
     -21.7800  0.000327033
     -21.7700  0.000339330
     -21.7600  0.000351979
     -21.7500  0.000364986
     -21.7400  0.000378354
     -21.7300  0.000392089
     -21.7200  0.000406195
     -21.7100  0.000420677
     -21.7000  0.000435536
     -21.6900  0.000450783
     -21.6800  0.000466417
     -21.6700  0.000482444
     -21.6600  0.000498866
     -21.6500  0.000515688
     -21.6400  0.000532913
     -21.6300  0.000550540
     -21.6200  0.000568583
     -21.6100  0.000587030
     -21.6000  0.000605896
     -21.5900  0.000625178
     -21.5800  0.000644879
     -21.5700  0.000665002
     -21.5600  0.000685547
     -21.5500  0.000706516
     -21.5400  0.000727908
     -21.5300  0.000749731
     -21.5200  0.000771982
     -21.5100  0.000794661
     -21.5000  0.000817771
     -21.4900  0.000841309
     -21.4800  0.000865278
     -21.4700  0.000889676
     -21.4600  0.000914504
     -21.4500  0.000939756
     -21.4400  0.000965440
     -21.4300  0.000991552
     -21.4200   0.00101809
     -21.4100   0.00104505
     -21.4000   0.00107244
     -21.3900   0.00110024
     -21.3800   0.00112846
     -21.3700   0.00115711
     -21.3600   0.00118616
     -21.3500   0.00121562
     -21.3400   0.00124549
     -21.3300   0.00127577
     -21.3200   0.00130645
     -21.3100   0.00133753
     -21.3000   0.00136900
     -21.2900   0.00140086
     -21.2800   0.00143311
     -21.2700   0.00146574
     -21.2600   0.00149875
     -21.2500   0.00153213
     -21.2400   0.00156588
     -21.2300   0.00159999
     -21.2200   0.00163446
     -21.2100   0.00166928
     -21.2000   0.00170444
     -21.1900   0.00173994
     -21.1800   0.00177579
     -21.1700   0.00181196
     -21.1600   0.00184845
     -21.1500   0.00188526
     -21.1400   0.00192238
     -21.1300   0.00195980
     -21.1200   0.00199753
     -21.1100   0.00203553
     -21.1000   0.00207383
     -21.0900   0.00211240
     -21.0800   0.00215124
     -21.0700   0.00219035
     -21.0600   0.00222971
     -21.0500   0.00226931
     -21.0400   0.00230915
     -21.0300   0.00234924
     -21.0200   0.00238954
     -21.0100   0.00243007
     -21.0000   0.00247081
     -20.9900   0.00251175
     -20.9800   0.00255288
     -20.9700   0.00259421
     -20.9600   0.00263571
     -20.9500   0.00267738
     -20.9400   0.00271922
     -20.9300   0.00276123
     -20.9200   0.00280338
     -20.9100   0.00284567
     -20.9000   0.00288810
     -20.8900   0.00293065
     -20.8800   0.00297332
     -20.8700   0.00301611
     -20.8600   0.00305899
     -20.8500   0.00310198
     -20.8400   0.00314505
     -20.8300   0.00318821
     -20.8200   0.00323144
     -20.8100   0.00327474
     -20.8000   0.00331810
     -20.7900   0.00336150
     -20.7800   0.00340496
     -20.7700   0.00344845
     -20.7600   0.00349198
     -20.7500   0.00353553
     -20.7400   0.00357910
     -20.7300   0.00362268
     -20.7200   0.00366626
     -20.7100   0.00370985
     -20.7000   0.00375341
     -20.6900   0.00379697
     -20.6800   0.00384051
     -20.6700   0.00388402
     -20.6600   0.00392750
     -20.6500   0.00397094
     -20.6400   0.00401433
     -20.6300   0.00405767
     -20.6200   0.00410097
     -20.6100   0.00414419
     -20.6000   0.00418735
     -20.5900   0.00423043
     -20.5800   0.00427344
     -20.5700   0.00431637
     -20.5600   0.00435921
     -20.5500   0.00440196
     -20.5400   0.00444461
     -20.5300   0.00448716
     -20.5200   0.00452961
     -20.5100   0.00457195
     -20.5000   0.00461418
     -20.4900   0.00465629
     -20.4800   0.00469827
     -20.4700   0.00474014
     -20.4600   0.00478188
     -20.4500   0.00482347
     -20.4400   0.00486494
     -20.4300   0.00490628
     -20.4200   0.00494747
     -20.4100   0.00498852
     -20.4000   0.00502942
     -20.3900   0.00507018
     -20.3800   0.00511077
     -20.3700   0.00515123
     -20.3600   0.00519152
     -20.3500   0.00523166
     -20.3400   0.00527164
     -20.3300   0.00531145
     -20.3200   0.00535111
     -20.3100   0.00539060
     -20.3000   0.00542992
     -20.2900   0.00546907
     -20.2800   0.00550806
     -20.2700   0.00554688
     -20.2600   0.00558553
     -20.2500   0.00562401
     -20.2400   0.00566231
     -20.2300   0.00570045
     -20.2200   0.00573841
     -20.2100   0.00577620
     -20.2000   0.00581381
     -20.1900   0.00585125
     -20.1800   0.00588852
     -20.1700   0.00592562
     -20.1600   0.00596255
     -20.1500   0.00599930
     -20.1400   0.00603588
     -20.1300   0.00607228
     -20.1200   0.00610853
     -20.1100   0.00614459
     -20.1000   0.00618049
     -20.0900   0.00621622
     -20.0800   0.00625178
     -20.0700   0.00628718
     -20.0600   0.00632241
     -20.0500   0.00635748
     -20.0400   0.00639238
     -20.0300   0.00642713
     -20.0200   0.00646171
     -20.0100   0.00649614
     -20.0000   0.00653041
     -19.9900   0.00656453
     -19.9800   0.00659850
     -19.9700   0.00663232
     -19.9600   0.00666598
     -19.9500   0.00669950
     -19.9400   0.00673288
     -19.9300   0.00676611
     -19.9200   0.00679921
     -19.9100   0.00683217
     -19.9000   0.00686499
     -19.8900   0.00689768
     -19.8800   0.00693023
     -19.8700   0.00696267
     -19.8600   0.00699498
     -19.8500   0.00702716
     -19.8400   0.00705923
     -19.8300   0.00709117
     -19.8200   0.00712301
     -19.8100   0.00715473
     -19.8000   0.00718635
     -19.7900   0.00721785
     -19.7800   0.00724926
     -19.7700   0.00728056
     -19.7600   0.00731177
     -19.7500   0.00734289
     -19.7400   0.00737392
     -19.7300   0.00740486
     -19.7200   0.00743571
     -19.7100   0.00746648
     -19.7000   0.00749717
     -19.6900   0.00752780
     -19.6800   0.00755835
     -19.6700   0.00758883
     -19.6600   0.00761924
     -19.6500   0.00764960
     -19.6400   0.00767990
     -19.6300   0.00771014
     -19.6200   0.00774033
     -19.6100   0.00777047
     -19.6000   0.00780057
     -19.5900   0.00783063
     -19.5800   0.00786065
     -19.5700   0.00789063
     -19.5600   0.00792059
     -19.5500   0.00795051
     -19.5400   0.00798041
     -19.5300   0.00801029
     -19.5200   0.00804016
     -19.5100   0.00807001
     -19.5000   0.00809985
     -19.4900   0.00812969
     -19.4800   0.00815952
     -19.4700   0.00818935
     -19.4600   0.00821919
     -19.4500   0.00824903
     -19.4400   0.00827888
     -19.4300   0.00830875
     -19.4200   0.00833863
     -19.4100   0.00836854
     -19.4000   0.00839847
     -19.3900   0.00842843
     -19.3800   0.00845842
     -19.3700   0.00848845
     -19.3600   0.00851850
     -19.3500   0.00854861
     -19.3400   0.00857876
     -19.3300   0.00860896
     -19.3200   0.00863921
     -19.3100   0.00866952
     -19.3000   0.00869988
     -19.2900   0.00873030
     -19.2800   0.00876080
     -19.2700   0.00879136
     -19.2600   0.00882199
     -19.2500   0.00885270
     -19.2400   0.00888349
     -19.2300   0.00891436
     -19.2200   0.00894531
     -19.2100   0.00897635
     -19.2000   0.00900748
     -19.1900   0.00903871
     -19.1800   0.00907004
     -19.1700   0.00910146
     -19.1600   0.00913300
     -19.1500   0.00916464
     -19.1400   0.00919639
     -19.1300   0.00922825
     -19.1200   0.00926023
     -19.1100   0.00929233
     -19.1000   0.00932455
     -19.0900   0.00935690
     -19.0800   0.00938938
     -19.0700   0.00942200
     -19.0600   0.00945474
     -19.0500   0.00948763
     -19.0400   0.00952065
     -19.0300   0.00955382
     -19.0200   0.00958714
     -19.0100   0.00962060
     -19.0000   0.00965422
     -18.9900   0.00968800
     -18.9800   0.00972193
     -18.9700   0.00975602
     -18.9600   0.00979028
     -18.9500   0.00982470
     -18.9400   0.00985929
     -18.9300   0.00989406
     -18.9200   0.00992900
     -18.9100   0.00996412
     -18.9000   0.00999942
     -18.8900    0.0100349
     -18.8800    0.0100706
     -18.8700    0.0101064
     -18.8600    0.0101425
     -18.8500    0.0101787
     -18.8400    0.0102152
     -18.8300    0.0102518
     -18.8200    0.0102886
     -18.8100    0.0103257
     -18.8000    0.0103629
     -18.7900    0.0104004
     -18.7800    0.0104380
     -18.7700    0.0104759
     -18.7600    0.0105140
     -18.7500    0.0105523
     -18.7400    0.0105909
     -18.7300    0.0106296
     -18.7200    0.0106686
     -18.7100    0.0107078
     -18.7000    0.0107473
     -18.6900    0.0107870
     -18.6800    0.0108269
     -18.6700    0.0108670
     -18.6600    0.0109074
     -18.6500    0.0109481
     -18.6400    0.0109889
     -18.6300    0.0110301
     -18.6200    0.0110714
     -18.6100    0.0111130
     -18.6000    0.0111549
     -18.5900    0.0111971
     -18.5800    0.0112394
     -18.5700    0.0112821
     -18.5600    0.0113250
     -18.5500    0.0113682
     -18.5400    0.0114116
     -18.5300    0.0114553
     -18.5200    0.0114993
     -18.5100    0.0115435
     -18.5000    0.0115881
     -18.4900    0.0116329
     -18.4800    0.0116779
     -18.4700    0.0117233
     -18.4600    0.0117689
     -18.4500    0.0118149
     -18.4400    0.0118611
     -18.4300    0.0119076
     -18.4200    0.0119544
     -18.4100    0.0120014
     -18.4000    0.0120488
     -18.3900    0.0120965
     -18.3800    0.0121444
     -18.3700    0.0121927
     -18.3600    0.0122413
     -18.3500    0.0122902
     -18.3400    0.0123393
     -18.3300    0.0123888
     -18.3200    0.0124386
     -18.3100    0.0124887
     -18.3000    0.0125392
     -18.2900    0.0125899
     -18.2800    0.0126409
     -18.2700    0.0126923
     -18.2600    0.0127440
     -18.2500    0.0127960
     -18.2400    0.0128483
     -18.2300    0.0129010
     -18.2200    0.0129540
     -18.2100    0.0130073
     -18.2000    0.0130609
     -18.1900    0.0131149
     -18.1800    0.0131692
     -18.1700    0.0132239
     -18.1600    0.0132789
     -18.1500    0.0133342
     -18.1400    0.0133899
     -18.1300    0.0134459
     -18.1200    0.0135022
     -18.1100    0.0135589
     -18.1000    0.0136160
     -18.0900    0.0136734
     -18.0800    0.0137311
     -18.0700    0.0137892
     -18.0600    0.0138477
     -18.0500    0.0139065
     -18.0400    0.0139657
     -18.0300    0.0140252
     -18.0200    0.0140851
     -18.0100    0.0141454
     -18.0000    0.0142060
     -17.9900    0.0142670
     -17.9800    0.0143284
     -17.9700    0.0143901
     -17.9600    0.0144523
     -17.9500    0.0145147
     -17.9400    0.0145776
     -17.9300    0.0146408
     -17.9200    0.0147044
     -17.9100    0.0147684
     -17.9000    0.0148328
     -17.8900    0.0148976
     -17.8800    0.0149627
     -17.8700    0.0150283
     -17.8600    0.0150942
     -17.8500    0.0151605
     -17.8400    0.0152272
     -17.8300    0.0152943
     -17.8200    0.0153618
     -17.8100    0.0154297
     -17.8000    0.0154980
     -17.7900    0.0155667
     -17.7800    0.0156358
     -17.7700    0.0157053
     -17.7600    0.0157753
     -17.7500    0.0158456
     -17.7400    0.0159163
     -17.7300    0.0159875
     -17.7200    0.0160590
     -17.7100    0.0161310
     -17.7000    0.0162034
     -17.6900    0.0162762
     -17.6800    0.0163494
     -17.6700    0.0164231
     -17.6600    0.0164971
     -17.6500    0.0165716
     -17.6400    0.0166466
     -17.6300    0.0167219
     -17.6200    0.0167977
     -17.6100    0.0168739
     -17.6000    0.0169506
     -17.5900    0.0170277
     -17.5800    0.0171052
     -17.5700    0.0171832
     -17.5600    0.0172616
     -17.5500    0.0173404
     -17.5400    0.0174197
     -17.5300    0.0174995
     -17.5200    0.0175797
     -17.5100    0.0176603
     -17.5000    0.0177414
     -17.4900    0.0178230
     -17.4800    0.0179050
     -17.4700    0.0179874
     -17.4600    0.0180704
     -17.4500    0.0181537
     -17.4400    0.0182376
     -17.4300    0.0183219
     -17.4200    0.0184067
     -17.4100    0.0184920
     -17.4000    0.0185777
     -17.3900    0.0186639
     -17.3800    0.0187506
     -17.3700    0.0188377
     -17.3600    0.0189253
     -17.3500    0.0190135
     -17.3400    0.0191020
     -17.3300    0.0191911
     -17.3200    0.0192807
     -17.3100    0.0193708
     -17.3000    0.0194613
     -17.2900    0.0195523
     -17.2800    0.0196439
     -17.2700    0.0197359
     -17.2600    0.0198284
     -17.2500    0.0199215
     -17.2400    0.0200150
     -17.2300    0.0201090
     -17.2200    0.0202036
     -17.2100    0.0202987
     -17.2000    0.0203942
     -17.1900    0.0204903
     -17.1800    0.0205869
     -17.1700    0.0206840
     -17.1600    0.0207816
     -17.1500    0.0208798
     -17.1400    0.0209785
     -17.1300    0.0210777
     -17.1200    0.0211774
     -17.1100    0.0212777
     -17.1000    0.0213785
     -17.0900    0.0214798
     -17.0800    0.0215817
     -17.0700    0.0216841
     -17.0600    0.0217870
     -17.0500    0.0218905
     -17.0400    0.0219946
     -17.0300    0.0220992
     -17.0200    0.0222043
     -17.0100    0.0223100
     -17.0000    0.0224162
     -16.9900    0.0225230
     -16.9800    0.0226304
     -16.9700    0.0227383
     -16.9600    0.0228468
     -16.9500    0.0229559
     -16.9400    0.0230655
     -16.9300    0.0231757
     -16.9200    0.0232865
     -16.9100    0.0233979
     -16.9000    0.0235098
     -16.8900    0.0236223
     -16.8800    0.0237354
     -16.8700    0.0238491
     -16.8600    0.0239633
     -16.8500    0.0240782
     -16.8400    0.0241937
     -16.8300    0.0243097
     -16.8200    0.0244264
     -16.8100    0.0245436
     -16.8000    0.0246615
     -16.7900    0.0247799
     -16.7800    0.0248990
     -16.7700    0.0250187
     -16.7600    0.0251390
     -16.7500    0.0252599
     -16.7400    0.0253815
     -16.7300    0.0255036
     -16.7200    0.0256264
     -16.7100    0.0257498
     -16.7000    0.0258739
     -16.6900    0.0259986
     -16.6800    0.0261239
     -16.6700    0.0262498
     -16.6600    0.0263764
     -16.6500    0.0265036
     -16.6400    0.0266315
     -16.6300    0.0267600
     -16.6200    0.0268892
     -16.6100    0.0270191
     -16.6000    0.0271496
     -16.5900    0.0272807
     -16.5800    0.0274126
     -16.5700    0.0275450
     -16.5600    0.0276782
     -16.5500    0.0278121
     -16.5400    0.0279465
     -16.5300    0.0280818
     -16.5200    0.0282176
     -16.5100    0.0283541
     -16.5000    0.0284914
     -16.4900    0.0286293
     -16.4800    0.0287680
     -16.4700    0.0289073
     -16.4600    0.0290473
     -16.4500    0.0291880
     -16.4400    0.0293295
     -16.4300    0.0294716
     -16.4200    0.0296144
     -16.4100    0.0297580
     -16.4000    0.0299023
     -16.3900    0.0300473
     -16.3800    0.0301930
     -16.3700    0.0303395
     -16.3600    0.0304867
     -16.3500    0.0306346
     -16.3400    0.0307833
     -16.3300    0.0309327
     -16.3200    0.0310829
     -16.3100    0.0312337
     -16.3000    0.0313854
     -16.2900    0.0315378
     -16.2800    0.0316910
     -16.2700    0.0318449
     -16.2600    0.0319996
     -16.2500    0.0321550
     -16.2400    0.0323113
     -16.2300    0.0324683
     -16.2200    0.0326261
     -16.2100    0.0327846
     -16.2000    0.0329440
     -16.1900    0.0331041
     -16.1800    0.0332651
     -16.1700    0.0334268
     -16.1600    0.0335893
     -16.1500    0.0337527
     -16.1400    0.0339168
     -16.1300    0.0340817
     -16.1200    0.0342475
     -16.1100    0.0344141
     -16.1000    0.0345815
     -16.0900    0.0347498
     -16.0800    0.0349188
     -16.0700    0.0350887
     -16.0600    0.0352594
     -16.0500    0.0354310
     -16.0400    0.0356034
     -16.0300    0.0357767
     -16.0200    0.0359508
     -16.0100    0.0361258
     -16.0000    0.0363016
     -15.9900    0.0364784
     -15.9800    0.0366559
     -15.9700    0.0368344
     -15.9600    0.0370137
     -15.9500    0.0371939
     -15.9400    0.0373750
     -15.9300    0.0375569
     -15.9200    0.0377398
     -15.9100    0.0379236
     -15.9000    0.0381082
     -15.8900    0.0382938
     -15.8800    0.0384803
     -15.8700    0.0386677
     -15.8600    0.0388560
     -15.8500    0.0390452
     -15.8400    0.0392354
     -15.8300    0.0394265
     -15.8200    0.0396185
     -15.8100    0.0398114
     -15.8000    0.0400053
     -15.7900    0.0402002
     -15.7800    0.0403960
     -15.7700    0.0405928
     -15.7600    0.0407905
     -15.7500    0.0409892
     -15.7400    0.0411888
     -15.7300    0.0413895
     -15.7200    0.0415911
     -15.7100    0.0417937
     -15.7000    0.0419973
     -15.6900    0.0422018
     -15.6800    0.0424074
     -15.6700    0.0426140
     -15.6600    0.0428216
     -15.6500    0.0430302
     -15.6400    0.0432397
     -15.6300    0.0434504
     -15.6200    0.0436620
     -15.6100    0.0438747
     -15.6000    0.0440884
     -15.5900    0.0443032
     -15.5800    0.0445190
     -15.5700    0.0447359
     -15.5600    0.0449538
     -15.5500    0.0451727
     -15.5400    0.0453928
     -15.5300    0.0456139
     -15.5200    0.0458361
     -15.5100    0.0460593
     -15.5000    0.0462837
     -15.4900    0.0465091
     -15.4800    0.0467356
     -15.4700    0.0469633
     -15.4600    0.0471920
     -15.4500    0.0474219
     -15.4400    0.0476528
     -15.4300    0.0478849
     -15.4200    0.0481181
     -15.4100    0.0483525
     -15.4000    0.0485879
     -15.3900    0.0488245
     -15.3800    0.0490623
     -15.3700    0.0493012
     -15.3600    0.0495413
     -15.3500    0.0497826
     -15.3400    0.0500250
     -15.3300    0.0502686
     -15.3200    0.0505133
     -15.3100    0.0507593
     -15.3000    0.0510064
     -15.2900    0.0512548
     -15.2800    0.0515043
     -15.2700    0.0517551
     -15.2600    0.0520071
     -15.2500    0.0522603
     -15.2400    0.0525147
     -15.2300    0.0527704
     -15.2200    0.0530272
     -15.2100    0.0532854
     -15.2000    0.0535447
     -15.1900    0.0538054
     -15.1800    0.0540673
     -15.1700    0.0543305
     -15.1600    0.0545949
     -15.1500    0.0548606
     -15.1400    0.0551276
     -15.1300    0.0553959
     -15.1200    0.0556655
     -15.1100    0.0559364
     -15.1000    0.0562086
     -15.0900    0.0564822
     -15.0800    0.0567570
     -15.0700    0.0570332
     -15.0600    0.0573107
     -15.0500    0.0575896
     -15.0400    0.0578698
     -15.0300    0.0581513
     -15.0200    0.0584342
     -15.0100    0.0587185
     -15.0000    0.0590042
     -14.9900    0.0592913
     -14.9800    0.0595797
     -14.9700    0.0598695
     -14.9600    0.0601607
     -14.9500    0.0604534
     -14.9400    0.0607474
     -14.9300    0.0610429
     -14.9200    0.0613398
     -14.9100    0.0616381
     -14.9000    0.0619379
     -14.8900    0.0622391
     -14.8800    0.0625417
     -14.8700    0.0628459
     -14.8600    0.0631515
     -14.8500    0.0634585
     -14.8400    0.0637671
     -14.8300    0.0640772
     -14.8200    0.0643887
     -14.8100    0.0647018
     -14.8000    0.0650163
     -14.7900    0.0653324
     -14.7800    0.0656500
     -14.7700    0.0659692
     -14.7600    0.0662899
     -14.7500    0.0666121
     -14.7400    0.0669359
     -14.7300    0.0672612
     -14.7200    0.0675881
     -14.7100    0.0679166
     -14.7000    0.0682467
     -14.6900    0.0685784
     -14.6800    0.0689116
     -14.6700    0.0692466
     -14.6600    0.0695830
     -14.6500    0.0699212
     -14.6400    0.0702609
     -14.6300    0.0706023
     -14.6200    0.0709453
     -14.6100    0.0712901
     -14.6000    0.0716364
     -14.5900    0.0719844
     -14.5800    0.0723341
     -14.5700    0.0726856
     -14.5600    0.0730386
     -14.5500    0.0733934
     -14.5400    0.0737499
     -14.5300    0.0741082
     -14.5200    0.0744681
     -14.5100    0.0748298
     -14.5000    0.0751933
     -14.4900    0.0755584
     -14.4800    0.0759254
     -14.4700    0.0762941
     -14.4600    0.0766646
     -14.4500    0.0770369
     -14.4400    0.0774110
     -14.4300    0.0777868
     -14.4200    0.0781645
     -14.4100    0.0785441
     -14.4000    0.0789254
     -14.3900    0.0793086
     -14.3800    0.0796936
     -14.3700    0.0800805
     -14.3600    0.0804693
     -14.3500    0.0808599
     -14.3400    0.0812524
     -14.3300    0.0816468
     -14.3200    0.0820432
     -14.3100    0.0824414
     -14.3000    0.0828415
     -14.2900    0.0832436
     -14.2800    0.0836476
     -14.2700    0.0840535
     -14.2600    0.0844614
     -14.2500    0.0848713
     -14.2400    0.0852832
     -14.2300    0.0856971
     -14.2200    0.0861129
     -14.2100    0.0865307
     -14.2000    0.0869506
     -14.1900    0.0873725
     -14.1800    0.0877964
     -14.1700    0.0882223
     -14.1600    0.0886504
     -14.1500    0.0890805
     -14.1400    0.0895126
     -14.1300    0.0899468
     -14.1200    0.0903832
     -14.1100    0.0908216
     -14.1000    0.0912621
     -14.0900    0.0917048
     -14.0800    0.0921496
     -14.0700    0.0925966
     -14.0600    0.0930456
     -14.0500    0.0934969
     -14.0400    0.0939504
     -14.0300    0.0944060
     -14.0200    0.0948638
     -14.0100    0.0953238
     -14.0000    0.0957861
     -13.9900    0.0962506
     -13.9800    0.0967173
     -13.9700    0.0971863
     -13.9600    0.0976575
     -13.9500    0.0981310
     -13.9400    0.0986068
     -13.9300    0.0990848
     -13.9200    0.0995652
     -13.9100     0.100048
     -13.9000     0.100533
     -13.8900     0.101020
     -13.8800     0.101510
     -13.8700     0.102002
     -13.8600     0.102497
     -13.8500     0.102993
     -13.8400     0.103493
     -13.8300     0.103994
     -13.8200     0.104498
     -13.8100     0.105005
     -13.8000     0.105514
     -13.7900     0.106025
     -13.7800     0.106539
     -13.7700     0.107055
     -13.7600     0.107574
     -13.7500     0.108095
     -13.7400     0.108619
     -13.7300     0.109145
     -13.7200     0.109674
     -13.7100     0.110206
     -13.7000     0.110740
     -13.6900     0.111276
     -13.6800     0.111815
     -13.6700     0.112357
     -13.6600     0.112902
     -13.6500     0.113449
     -13.6400     0.113998
     -13.6300     0.114551
     -13.6200     0.115105
     -13.6100     0.115663
     -13.6000     0.116223
     -13.5900     0.116786
     -13.5800     0.117352
     -13.5700     0.117921
     -13.5600     0.118492
     -13.5500     0.119066
     -13.5400     0.119642
     -13.5300     0.120222
     -13.5200     0.120804
     -13.5100     0.121389
     -13.5000     0.121977
     -13.4900     0.122568
     -13.4800     0.123161
     -13.4700     0.123758
     -13.4600     0.124357
     -13.4500     0.124959
     -13.4400     0.125565
     -13.4300     0.126173
     -13.4200     0.126784
     -13.4100     0.127398
     -13.4000     0.128014
     -13.3900     0.128634
     -13.3800     0.129257
     -13.3700     0.129883
     -13.3600     0.130512
     -13.3500     0.131144
     -13.3400     0.131779
     -13.3300     0.132417
     -13.3200     0.133058
     -13.3100     0.133702
     -13.3000     0.134349
     -13.2900     0.135000
     -13.2800     0.135653
     -13.2700     0.136310
     -13.2600     0.136970
     -13.2500     0.137633
     -13.2400     0.138299
     -13.2300     0.138968
     -13.2200     0.139641
     -13.2100     0.140317
     -13.2000     0.140996
     -13.1900     0.141679
     -13.1800     0.142364
     -13.1700     0.143053
     -13.1600     0.143746
     -13.1500     0.144441
     -13.1400     0.145140
     -13.1300     0.145843
     -13.1200     0.146549
     -13.1100     0.147258
     -13.1000     0.147971
     -13.0900     0.148687
     -13.0800     0.149406
     -13.0700     0.150129
     -13.0600     0.150856
     -13.0500     0.151586
     -13.0400     0.152319
     -13.0300     0.153056
     -13.0200     0.153797
     -13.0100     0.154541
     -13.0000     0.155289
     -12.9900     0.156040
     -12.9800     0.156795
     -12.9700     0.157554
     -12.9600     0.158316
     -12.9500     0.159082
     -12.9400     0.159852
     -12.9300     0.160625
     -12.9200     0.161402
     -12.9100     0.162183
     -12.9000     0.162968
     -12.8900     0.163756
     -12.8800     0.164548
     -12.8700     0.165344
     -12.8600     0.166144
     -12.8500     0.166948
     -12.8400     0.167755
     -12.8300     0.168567
     -12.8200     0.169382
     -12.8100     0.170202
     -12.8000     0.171025
     -12.7900     0.171852
     -12.7800     0.172684
     -12.7700     0.173519
     -12.7600     0.174358
     -12.7500     0.175202
     -12.7400     0.176049
     -12.7300     0.176901
     -12.7200     0.177756
     -12.7100     0.178616
     -12.7000     0.179480
     -12.6900     0.180348
     -12.6800     0.181220
     -12.6700     0.182096
     -12.6600     0.182977
     -12.6500     0.183862
     -12.6400     0.184751
     -12.6300     0.185645
     -12.6200     0.186542
     -12.6100     0.187445
     -12.6000     0.188351
     -12.5900     0.189262
     -12.5800     0.190177
     -12.5700     0.191097
     -12.5600     0.192021
     -12.5500     0.192949
     -12.5400     0.193882
     -12.5300     0.194820
     -12.5200     0.195762
     -12.5100     0.196709
     -12.5000     0.197660
     -12.4900     0.198616
     -12.4800     0.199576
     -12.4700     0.200541
     -12.4600     0.201511
     -12.4500     0.202485
     -12.4400     0.203464
     -12.4300     0.204448
     -12.4200     0.205436
     -12.4100     0.206429
     -12.4000     0.207427
     -12.3900     0.208430
     -12.3800     0.209438
     -12.3700     0.210451
     -12.3600     0.211468
     -12.3500     0.212490
     -12.3400     0.213518
     -12.3300     0.214550
     -12.3200     0.215587
     -12.3100     0.216629
     -12.3000     0.217677
     -12.2900     0.218729
     -12.2800     0.219786
     -12.2700     0.220849
     -12.2600     0.221917
     -12.2500     0.222989
     -12.2400     0.224067
     -12.2300     0.225150
     -12.2200     0.226239
     -12.2100     0.227332
     -12.2000     0.228431
     -12.1900     0.229536
     -12.1800     0.230645
     -12.1700     0.231760
     -12.1600     0.232880
     -12.1500     0.234006
     -12.1400     0.235137
     -12.1300     0.236274
     -12.1200     0.237416
     -12.1100     0.238563
     -12.1000     0.239716
     -12.0900     0.240875
     -12.0800     0.242039
     -12.0700     0.243209
     -12.0600     0.244385
     -12.0500     0.245566
     -12.0400     0.246753
     -12.0300     0.247945
     -12.0200     0.249144
     -12.0100     0.250348
     -12.0000     0.251558
     -11.9900     0.252774
     -11.9800     0.253995
     -11.9700     0.255223
     -11.9600     0.256456
     -11.9500     0.257696
     -11.9400     0.258941
     -11.9300     0.260193
     -11.9200     0.261450
     -11.9100     0.262714
     -11.9000     0.263983
     -11.8900     0.265259
     -11.8800     0.266541
     -11.8700     0.267829
     -11.8600     0.269123
     -11.8500     0.270424
     -11.8400     0.271731
     -11.8300     0.273044
     -11.8200     0.274363
     -11.8100     0.275689
     -11.8000     0.277021
     -11.7900     0.278360
     -11.7800     0.279705
     -11.7700     0.281057
     -11.7600     0.282415
     -11.7500     0.283780
     -11.7400     0.285151
     -11.7300     0.286529
     -11.7200     0.287913
     -11.7100     0.289305
     -11.7000     0.290703
     -11.6900     0.292107
     -11.6800     0.293519
     -11.6700     0.294937
     -11.6600     0.296362
     -11.6500     0.297794
     -11.6400     0.299233
     -11.6300     0.300679
     -11.6200     0.302132
     -11.6100     0.303592
     -11.6000     0.305059
     -11.5900     0.306533
     -11.5800     0.308014
     -11.5700     0.309502
     -11.5600     0.310997
     -11.5500     0.312500
     -11.5400     0.314010
     -11.5300     0.315527
     -11.5200     0.317052
     -11.5100     0.318584
     -11.5000     0.320123
     -11.4900     0.321670
     -11.4800     0.323224
     -11.4700     0.324786
     -11.4600     0.326355
     -11.4500     0.327932
     -11.4400     0.329516
     -11.4300     0.331108
     -11.4200     0.332708
     -11.4100     0.334315
     -11.4000     0.335930
     -11.3900     0.337553
     -11.3800     0.339184
     -11.3700     0.340823
     -11.3600     0.342469
     -11.3500     0.344124
     -11.3400     0.345786
     -11.3300     0.347457
     -11.3200     0.349136
     -11.3100     0.350822
     -11.3000     0.352517
     -11.2900     0.354220
     -11.2800     0.355932
     -11.2700     0.357651
     -11.2600     0.359379
     -11.2500     0.361115
     -11.2400     0.362860
     -11.2300     0.364613
     -11.2200     0.366374
     -11.2100     0.368144
     -11.2000     0.369922
     -11.1900     0.371710
     -11.1800     0.373505
     -11.1700     0.375309
     -11.1600     0.377123
     -11.1500     0.378944
     -11.1400     0.380775
     -11.1300     0.382614
     -11.1200     0.384463
     -11.1100     0.386320
     -11.1000     0.388186
     -11.0900     0.390061
     -11.0800     0.391946
     -11.0700     0.393839
     -11.0600     0.395741
     -11.0500     0.397653
     -11.0400     0.399574
     -11.0300     0.401504
     -11.0200     0.403444
     -11.0100     0.405393
     -11.0000     0.407351
     -10.9900     0.409319
     -10.9800     0.411296
     -10.9700     0.413283
     -10.9600     0.415279
     -10.9500     0.417285
     -10.9400     0.419301
     -10.9300     0.421326
     -10.9200     0.423361
     -10.9100     0.425406
     -10.9000     0.427461
     -10.8900     0.429526
     -10.8800     0.431601
     -10.8700     0.433686
     -10.8600     0.435781
     -10.8500     0.437885
     -10.8400     0.440001
     -10.8300     0.442126
     -10.8200     0.444262
     -10.8100     0.446407
     -10.8000     0.448564
     -10.7900     0.450730
     -10.7800     0.452908
     -10.7700     0.455095
     -10.7600     0.457293
     -10.7500     0.459502
     -10.7400     0.461722
     -10.7300     0.463952
     -10.7200     0.466193
     -10.7100     0.468444
     -10.7000     0.470707
     -10.6900     0.472981
     -10.6800     0.475265
     -10.6700     0.477561
     -10.6600     0.479868
     -10.6500     0.482185
     -10.6400     0.484514
     -10.6300     0.486854
     -10.6200     0.489206
     -10.6100     0.491569
     -10.6000     0.493943
     -10.5900     0.496329
     -10.5800     0.498726
     -10.5700     0.501135
     -10.5600     0.503555
     -10.5500     0.505988
     -10.5400     0.508431
     -10.5300     0.510887
     -10.5200     0.513355
     -10.5100     0.515834
     -10.5000     0.518326
     -10.4900     0.520829
     -10.4800     0.523345
     -10.4700     0.525872
     -10.4600     0.528412
     -10.4500     0.530964
     -10.4400     0.533529
     -10.4300     0.536106
     -10.4200     0.538695
     -10.4100     0.541297
     -10.4000     0.543911
     -10.3900     0.546538
     -10.3800     0.549177
     -10.3700     0.551830
     -10.3600     0.554495
     -10.3500     0.557173
     -10.3400     0.559864
     -10.3300     0.562568
     -10.3200     0.565285
     -10.3100     0.568015
     -10.3000     0.570759
     -10.2900     0.573515
     -10.2800     0.576285
     -10.2700     0.579068
     -10.2600     0.581865
     -10.2500     0.584675
     -10.2400     0.587499
     -10.2300     0.590337
     -10.2200     0.593188
     -10.2100     0.596052
     -10.2000     0.598931
     -10.1900     0.601824
     -10.1800     0.604730
     -10.1700     0.607651
     -10.1600     0.610586
     -10.1500     0.613535
     -10.1400     0.616498
     -10.1300     0.619475
     -10.1200     0.622467
     -10.1100     0.625473
     -10.1000     0.628494
     -10.0900     0.631529
     -10.0800     0.634579
     -10.0700     0.637644
     -10.0600     0.640723
     -10.0500     0.643817
     -10.0400     0.646927
     -10.0300     0.650051
     -10.0200     0.653191
     -10.0100     0.656345
